timestamps,value,anomaly,changepoint,trend,noise,seasonality1,seasonality2,seasonality3
1,-13.2941934578324,0,0,1,-14.2941934578324,0,0,0
2,171.986470710888,0,0,2,-96.3019321118887,174.5,85.1514658387293,6.6369369840478
3,388.064170408187,0,0,3,-94.9432871241723,302.242865920769,164.5,13.2645916115903
4,630.607011582871,0,0,4,25.0951860641593,349,232.638131010374,19.8736945083371
5,791.751760909273,0,0,5,173.131534897152,302.242865920769,284.92235784508,26.455002246271
6,322.334989260794,0,0,6,-208.953917859727,174.5,317.789596849103,32.9993102714173
7,413.555065743828,0,0,7,38.0575999665817,4.27401732902426e-14,329,39.4974657772458
8,235.847554103569,0,0,8,38.6175767487678,-174.5,317.789596849103,45.9403805056974
9,11.9747718547658,0,0,9,-32.0237635274811,-302.242865920769,284.92235784508,52.3190434579355
10,-151.190270110208,0,0,10,-103.452934617624,-349,232.638131010374,58.6245334970422
11,17.9768325221278,0,0,11,79.8716666178618,-302.242865920769,164.5,64.8480318250351
12,48.6505170601207,0,0,12,55.0182169046374,-174.5,85.1514658387294,70.980834316754
13,-642.010906627267,1,0,13,74.6979557046011,-8.54803465804853e-14,4.02908796919479e-14,77.0143636933666
14,236.486309271704,0,0,14,50.197593591965,174.5,-85.1514658387293,82.9401815184685
15,120.036481360737,0,0,15,-121.456384560032,302.242865920769,-164.5,88.75
16,178.915593249418,0,0,16,-47.8819693216801,349,-232.638131010374,94.4356935814722
17,133.812529542951,0,0,17,-0.497288839030427,302.242865920769,-284.92235784508,99.9893103062929
18,-78.4378671076918,0,0,18,-58.5513531978848,174.5,-317.789596849103,105.403082939297
19,-281.406117685237,0,0,19,-82.0755575151623,1.28220519870728e-13,-329,110.669439829925
20,-229.637268503141,0,0,20,126.871312844095,-174.5,-317.789596849104,115.781015501866
21,-482.28364305747,0,0,21,-36.8490802459585,-302.242865920769,-284.92235784508,120.730660954338
22,-294.246749237948,0,0,22,139.879928111814,-349,-232.638131010374,125.511453660612
23,-322.792224244028,0,0,23,-9.16606557305285,-302.242865920769,-164.5,130.116707249794
24,-166.913535384953,0,0,24,-65.8020504045408,-174.500000000001,-85.1514658387296,134.539980858318
25,248.691887894248,0,0,25,84.9167997561728,-1.70960693160971e-13,-8.05817593838958e-14,138.775088138075
26,503.140379356184,0,0,26,74.672807608871,174.5,85.1514658387295,142.816105908584
27,747.776793630931,0,0,27,107.376545269073,302.242865920769,164.5,146.657382441089
28,711.375843219352,0,0,28,-48.5558331540421,349,232.638131010374,150.29354536302
29,762.986100847531,0,0,29,-6.89863209005646,302.242865920769,284.92235784508,153.719509171738
30,664.124115022001,0,0,30,-15.0959641741709,174.5,317.789596849103,156.930482347068
31,540.474056388119,0,0,31,20.5520823354388,8.336494034019e-13,329,159.921974052679
32,306.538225538799,0,0,32,-31.441171727226,-174.5,317.789596849104,162.689800416921
33,283.212183117836,0,0,33,102.302600809178,-302.242865920769,284.92235784508,165.230090384346
34,4.27164736436295,0,0,34,-80.9057747757463,-349,232.638131010374,167.539291129735
35,31.3229387639176,0,0,35,-35.5483683423533,-302.242865920769,164.5,169.61417302704
36,62.8322279465556,0,0,36,-55.2710720584833,-174.5,85.1514658387294,171.45183416631
37,232.214288448817,0,0,37,22.164584036543,-2.56441039741456e-13,1.20872639075844e-13,173.049704412274
38,236.304937172103,0,0,38,-65.4491459880763,174.5,-85.1514658387291,174.405548998909
39,414.245164030531,0,0,39,61.9848264548022,302.242865920769,-164.5,175.51747165496
40,278.444245037095,0,0,40,-54.3015412085821,349,-232.638131010374,176.383917256051
41,327.073058991278,0,0,41,91.7488769159298,302.242865920769,-284.92235784508,177.003673999659
42,-80.315912256942,0,0,42,-156.402190507781,174.500000000001,-317.789596849103,177.375875099941
43,-0.730119255498693,0,0,43,107.769880744501,2.99181213031698e-13,-329,177.5
44,-229.335113483028,0,0,44,41.5786082661345,-174.5,-317.789596849104,177.375875099941
45,-571.978905491636,0,0,45,-206.817355725446,-302.242865920769,-284.92235784508,177.003673999659
46,-353.906304600059,0,0,46,5.34790915426429,-349,-232.638131010374,176.383917256051
47,-270.50656159663,0,0,47,-26.2811673308201,-302.24286592077,-164.5,175.51747165496
48,-86.0760212755233,0,0,48,-48.8301044357025,-174.5,-85.1514658387294,174.405548998909
49,274.061755881034,0,0,49,52.0120514687604,-3.41921386321941e-13,-1.61163518767792e-13,173.049704412274
50,409.668385162099,0,0,50,-71.4349148429393,174.5,85.1514658387291,171.45183416631
51,756.282470489192,0,0,51,68.9254315413822,302.242865920769,164.5,169.61417302704
52,819.534796746164,0,0,52,18.3573746060546,349,232.638131010374,167.539291129735
53,941.120204895554,0,0,53,135.724890745358,302.242865920769,284.92235784508,165.230090384346
54,707.241590361906,0,0,54,-1.73780690411797,174.5,317.789596849103,162.689800416921
55,530.080631256573,0,0,55,-13.8413427961064,3.84661559612184e-13,329,159.921974052679
56,277.528417427613,0,0,56,-78.6916617685577,-174.500000000001,317.789596849103,156.930482347068
57,336.463967193986,0,0,57,143.064966097936,-302.242865920769,284.922357845081,153.719509171738
58,204.003847125754,0,0,58,112.072170752359,-349,232.638131010374,150.29354536302
59,-4.73146407434318,0,0,59,-72.6459805946632,-302.242865920769,164.5,146.657382441089
60,177.790957549692,0,0,60,64.3233858023791,-174.5,85.1514658387294,142.816105908584
61,162.464671755162,0,0,61,-37.3104163829125,-1.6672988068038e-12,7.85875798622422e-13,138.775088138075
62,330.0232461159,0,0,62,44.1347310963118,174.499999999999,-85.151465838729,134.539980858318
63,315.372173810987,0,0,63,-15.4873993595764,302.242865920769,-164.5,130.116707249794
64,277.642578272907,0,0,64,-28.2307443773312,349,-232.638131010374,125.511453660612
65,308.938366160297,0,0,65,105.887197130269,302.24286592077,-284.92235784508,120.730660954338
66,-7.36332101197847,0,0,66,-45.8547396647418,174.5,-317.789596849103,115.781015501867
67,-199.409503165182,0,0,67,-48.0789429951064,-7.69755167708706e-13,-329,110.669439829925
68,-230.088519744109,0,0,68,88.797994165697,-174.499999999999,-317.789596849104,105.403082939297
69,-588.089123601073,0,0,69,-169.913210141516,-302.242865920769,-284.92235784508,99.9893103062929
70,-461.809922623704,0,0,70,-44.6074851948017,-349,-232.638131010375,94.4356935814723
71,-215.120975672243,0,0,71,91.8718902485261,-302.242865920769,-164.5,88.7500000000001
72,-147.278031951357,0,0,72,-42.566747631097,-174.499999999999,-85.1514658387289,82.9401815184685
73,242.245457322372,0,0,73,92.2310936290057,-5.12882079482912e-13,-2.41745278151687e-13,77.0143636933666
74,397.024428780867,0,0,74,-7.60787137461408,174.499999999998,85.1514658387284,70.9808343167541
75,689.420263236968,0,0,75,82.8293654911645,302.242865920769,164.5,64.8480318250351
76,801.932296399488,0,0,76,85.6696318920713,349,232.638131010374,58.6245334970422
77,819.021579169208,0,0,77,102.537311945423,302.24286592077,284.92235784508,52.3190434579356
78,538.948965814785,0,0,78,-77.2810115400166,174.5,317.789596849103,45.9403805056975
79,312.667658953432,0,0,79,-134.829806823816,1.79551932667453e-12,329,39.4974657772458
80,324.448586792147,0,0,80,68.1596796716253,-174.499999999999,317.789596849104,32.9993102714173
81,198.190274751796,0,0,81,108.055780581214,-302.242865920769,284.92235784508,26.455002246271
82,58.0879464118472,0,0,82,72.5761208931354,-349,232.638131010375,19.8736945083372
83,-5.35132229504486,0,0,83,36.126952014134,-302.24286592077,164.500000000001,13.2645916115904
84,-71.3404337300341,0,0,84,-72.6288365528115,-174.499999999999,85.1514658387289,6.63693698404777
85,11.8561274035404,0,0,85,-73.1438725964593,-5.98362426063397e-13,2.82036157843635e-13,2.17374806848655e-14
86,138.191067917433,0,0,86,-30.5205292597897,174.5,-85.1514658387295,-6.6369369840478
87,124.834257535977,0,0,87,-86.6440167732022,302.242865920769,-164.5,-13.2645916115903
88,-37.786056228248,0,0,88,-222.274230709538,349,-232.638131010373,-19.8736945083371
89,112.603389715699,0,0,89,32.7378838862797,302.24286592077,-284.92235784508,-26.4550022462709
90,-140.79224245293,0,0,90,-54.5033353324095,174.5,-317.789596849103,-32.9993102714174
91,-221.899822857382,0,0,91,55.5976429198643,-5.98794474547735e-13,-329,-39.4974657772458
92,-473.886143617304,0,0,92,-27.6561662625034,-174.499999999999,-317.789596849104,-45.9403805056974
93,-359.530071872891,0,0,93,186.954195350893,-302.242865920768,-284.922357845081,-52.3190434579355
94,-518.762465720952,0,0,94,27.5001987864647,-349,-232.638131010375,-58.6245334970421
95,-285.591071083965,0,0,95,150.999826661839,-302.242865920769,-164.5,-64.8480318250351
96,-316.225637906957,0,0,96,-81.5933377514749,-174.499999999999,-85.151465838729,-70.9808343167541
97,105.251546429541,0,0,97,85.2659101229081,-6.83842772643882e-13,-3.22327037535583e-13,-77.0143636933665
98,282.912431017481,0,0,98,8.20114669722338,174.499999999998,85.1514658387284,-82.9401815184684
99,386.776626267906,0,0,99,-90.2162396528616,302.242865920769,164.5,-88.75
100,662.889824658248,0,0,100,75.6873872293462,349,232.638131010374,-94.4356935814723
101,511.786680593111,0,0,101,-76.3892328664456,302.242865920769,284.922357845081,-99.9893103062929
102,422.074489342226,0,0,102,-66.8120245675811,174.5,317.789596849103,-105.403082939296
103,395.063705117156,0,0,103,73.7331449470792,1.9664800198355e-12,329,-110.669439829925
104,197.10938077832,0,0,104,65.6007994310823,-174.499999999999,317.789596849104,-115.781015501866
105,81.030541183649,0,0,105,114.081710213676,-302.242865920769,284.92235784508,-120.730660954338
106,-402.552191206659,0,0,106,-266.678868556421,-349,232.638131010374,-125.511453660612
107,-146.299360150109,0,0,107,14.5602130204538,-302.242865920769,164.5,-130.116707249794
108,-127.699986950808,0,0,108,-11.811471931219,-174.500000000002,85.1514658387301,-134.539980858318
109,-87.304113657998,0,0,109,-57.5290255199223,-7.69323119224367e-13,3.62617917227531e-13,-138.775088138075
110,-1.46308935837028,0,0,110,-57.9955176110564,174.499999999998,-85.1514658387283,-142.816105908584
111,-35.2038648626306,0,0,111,-137.289348342311,302.24286592077,-164.500000000001,-146.657382441089
112,-69.0685095770696,0,0,112,-147.136833203675,349,-232.638131010374,-150.29354536302
113,55.6625600623196,0,0,113,79.0615611583675,302.24286592077,-284.92235784508,-153.719509171738
114,-306.80250332191,0,0,114,-120.582424125739,174.500000000001,-317.789596849103,-156.930482347068
115,-234.465533830897,0,0,115,139.45644022178,2.05196036641598e-12,-329,-159.921974052679
116,-582.456049550237,0,0,116,-43.4766522842116,-174.500000000001,-317.789596849103,-162.689800416921
117,-703.197217772264,0,0,117,-67.8019036220689,-302.242865920769,-284.92235784508,-165.230090384346
118,-569.443978386046,0,0,118,61.7334437540638,-349,-232.638131010375,-167.539291129735
119,-478.074968438782,0,0,119,39.2820705090275,-302.242865920769,-164.5,-169.61417302704
120,-211.735329551449,0,0,120,99.367970453592,-174.500000000002,-85.1514658387302,-171.45183416631
121,-197.813137439422,0,0,121,-145.763433027143,-3.3345976136076e-12,-1.57175159724484e-12,-173.049704412274
122,135.187688300126,0,0,122,-72.0582285396951,174.5,85.1514658387294,-174.405548998909
123,304.149723748716,0,0,123,-110.075670517091,302.242865920768,164.499999999999,-175.51747165496
124,500.398404531642,0,0,124,-28.8558092226805,349,232.638131010373,-176.383917256051
125,413.989146987578,0,0,125,-121.172402778612,302.24286592077,284.92235784508,-177.003673999659
126,410.297458809358,0,0,126,-30.6162629398053,174.500000000001,317.789596849103,-177.375875099941
127,227.368965111899,0,0,127,-51.1310348881004,-3.4235343480628e-13,329,-177.5
128,212.286672267172,0,0,128,118.372950518011,-174.500000000001,317.789596849103,-177.375875099941
129,-98.4550261048253,0,0,129,-33.130844029479,-302.242865920768,284.922357845081,-177.003673999659
130,-183.829793892316,0,0,130,-21.0840076466401,-349,232.638131010375,-176.383917256051
131,-338.644192711399,0,0,131,-156.383855135669,-302.242865920769,164.5,-175.51747165496
132,-278.079252706634,0,0,132,-146.325169546455,-174.5,85.1514658387291,-174.405548998909
133,-230.875478115817,0,0,133,-190.825773703544,1.53951033541741e-12,-7.25643123713938e-13,-173.049704412274
134,15.003186762721,0,0,134,-36.8935132322391,174.499999999998,-85.1514658387282,-171.45183416631
135,170.13407510825,0,0,135,67.0053822145214,302.242865920768,-164.499999999999,-169.61417302704
136,17.5005670016478,0,0,136,-67.3220108582429,349,-232.638131010374,-167.539291129735
137,-202.833587316221,0,0,137,-191.924005007563,302.242865920769,-284.92235784508,-165.230090384346
138,-286.116065403373,0,0,138,-118.136668137347,174.499999999999,-317.789596849104,-162.689800416921
139,-424.69616731877,0,0,139,-74.7741932660927,2.22292105957696e-12,-329,-159.921974052679
140,-564.289687172977,0,0,140,-55.069607976806,-174.499999999999,-317.789596849104,-156.930482347068
141,-573.793656357422,0,0,141,26.0910765801655,-302.242865920769,-284.92235784508,-153.719509171738
142,-532.563020281229,0,0,142,57.368656092167,-349,-232.638131010376,-150.29354536302
143,-512.189494495916,0,0,143,-41.7892461340597,-302.242865920768,-164.499999999999,-146.657382441089
144,-257.078527941304,0,0,144,1.38904380601136,-174.500000000002,-85.1514658387303,-142.816105908584
145,47.5821872033945,0,0,145,41.3572753414714,-1.02576415896582e-12,-4.83490556303375e-13,-138.775088138075
146,214.786077137594,0,0,146,-56.3254078428169,174.5,85.1514658387293,-134.539980858318
147,301.566661340861,0,0,147,-182.05949733011,302.242865920767,164.499999999998,-130.116707249794
148,516.151611370834,0,0,148,-87.9750659789291,349,232.638131010375,-125.511453660612
149,707.736319950957,0,0,149,92.3017571394453,302.24286592077,284.92235784508,-120.730660954338
150,567.081509241122,0,0,150,40.5729278938849,174.500000000001,317.789596849103,-115.781015501866
151,438.968075669846,0,0,151,69.6375154997715,-1.71392741645309e-13,329,-110.669439829925
152,109.337107637648,0,0,152,-80.5494062721627,-174.499999999997,317.789596849104,-105.403082939297
153,-51.4669461040908,0,0,153,-87.157127722111,-302.242865920768,284.922357845081,-99.989310306293
154,-17.6188237633042,0,0,154,39.1787388077934,-349,232.638131010375,-94.4356935814723
155,-127.799884947477,0,0,155,-56.3070190267077,-302.242865920769,164.5,-88.7500000000001
156,-70.6546343864891,0,0,156,-54.3659187067501,-174.5,85.1514658387292,-82.9401815184685
157,57.9217733558677,0,0,157,-22.0638629507638,-3.59103865334906e-12,1.69262423632069e-12,-77.0143636933666
158,250.679840482856,0,0,158,74.3121406383406,174.499999999998,-85.1514658387282,-70.9808343167541
159,254.383209940183,0,0,159,22.4883758444493,302.242865920768,-164.499999999999,-64.8480318250351
160,240.616811486682,0,0,160,22.8794759940984,349,-232.638131010374,-58.6245334970422
161,91.6795160803887,0,0,161,-34.3219485373642,302.242865920769,-284.92235784508,-52.3190434579356
162,-91.8072602993919,0,0,162,-64.5772829445944,174.500000000003,-317.789596849103,-45.9403805056974
163,-250.071970793288,0,0,163,-44.5745050160443,2.39388175273793e-12,-329,-39.4974657772458
164,-374.107229830441,0,0,164,-12.8183227099207,-174.499999999999,-317.789596849104,-32.9993102714174
165,-343.407988210058,0,0,165,105.212237802061,-302.242865920766,-284.922357845082,-26.4550022462711
166,-581.630216028344,0,0,166,-146.118390509631,-349,-232.638131010376,-19.8736945083373
167,-142.651503558097,0,0,167,170.355953974261,-302.242865920768,-164.499999999999,-13.2645916115902
168,-177.131463721927,0,0,168,-78.8430608991536,-174.499999999998,-85.1514658387281,-6.63693698404779
169,232.227227989282,0,0,169,63.227227989284,-1.19672485212679e-12,-5.64072315687271e-13,-4.3474961369731e-14
170,435.289614767826,0,0,170,-0.998788054951352,174.5,85.1514658387293,6.63693698404786
171,775.65239121957,0,0,171,124.64493368721,302.24286592077,164.5,13.2645916115903
172,715.728651101337,0,0,172,-57.7831744173731,349,232.638131010373,19.8736945083371
173,775.733340852899,0,0,173,-10.8868851592214,302.24286592077,284.92235784508,26.4550022462709
174,588.674581407669,0,0,174,-110.614325712852,174.500000000001,317.789596849103,32.9993102714172
175,636.361232527751,0,0,175,92.8637667505007,4.95915624712116e-12,329,39.4974657772458
176,284.604150182742,0,0,176,-80.6258271720622,-174.499999999997,317.789596849104,45.9403805056973
177,179.937227685226,0,0,177,-32.0613076970227,-302.242865920768,284.922357845081,52.3190434579354
178,108.292818904731,0,0,178,-11.969845602684,-349,232.638131010373,58.6245334970423
179,225.461870367916,0,0,179,119.35670446365,-302.24286592077,164.5,64.8480318250352
180,14.0599649410215,0,0,180,-147.572335214462,-174.5,85.1514658387293,70.980834316754
181,246.19318924448,0,0,181,-11.8211744488874,1.19758894909547e-12,-5.64479604946146e-13,77.0143636933665
182,331.900144665596,0,0,182,-22.3885710141415,174.499999999998,-85.1514658387281,82.9401815184684
183,428.432139322985,0,0,183,18.9392734022164,302.242865920768,-164.499999999999,88.75
184,478.283702463433,0,0,184,83.4861398923348,349,-232.638131010374,94.4356935814722
185,251.583892785332,0,0,185,-50.7259255966525,302.242865920771,-284.922357845079,99.9893103062928
186,187.865216557722,0,0,186,39.7517304675254,174.500000000003,-317.789596849103,105.403082939296
187,-171.309929436912,0,0,187,-139.979369266839,2.5648424458989e-12,-329,110.669439829925
188,-127.526310268935,0,0,188,60.9822710783047,-174.500000000003,-317.789596849103,115.781015501867
189,-183.5440886973,0,0,189,93.8904741142115,-302.242865920769,-284.92235784508,120.730660954338
190,-147.533920870594,0,0,190,118.592756479168,-349,-232.638131010374,125.511453660612
191,-122.253783108956,0,0,191,23.3723755620171,-302.242865920768,-164.499999999999,130.116707249794
192,-16.5778618827488,0,0,192,-83.4663769023342,-174.500000000002,-85.1514658387304,134.539980858318
193,381.866362358277,0,0,193,50.091274220204,-1.36768554528776e-12,-6.44654075071167e-13,138.775088138075
194,539.439045673549,0,0,194,-57.0285260737638,174.5,85.1514658387292,142.816105908584
195,841.854697081485,0,0,195,33.4544487196304,302.242865920767,164.499999999998,146.657382441089
196,1047.9892077408,0,0,196,120.057531367407,349,232.638131010373,150.29354536302
197,877.492765354191,0,0,197,-60.3919675833972,302.24286592077,284.92235784508,153.719509171738
198,871.175193908782,0,0,198,23.9551147126061,174.500000000005,317.789596849103,156.930482347068
199,736.403148764279,0,0,199,48.4811747115995,1.70528644676632e-13,329,159.921974052679
200,599.441747094208,0,0,200,93.4623498281846,-174.500000000001,317.789596849103,162.689800416921
201,327.079424343774,0,0,201,-21.8301579648819,-302.24286592077,284.92235784508,165.230090384346
202,291.366788887218,0,0,202,38.1893667471075,-349,232.638131010375,167.539291129735
203,202.394760381122,0,0,203,-32.4765467251488,-302.24286592077,164.5,169.61417302704
204,163.331565433694,0,0,204,-122.771734571345,-174.5,85.1514658387293,171.45183416631
205,426.157905383,0,0,205,48.1082009707284,-3.932960039671e-12,1.85378775508848e-12,173.049704412274
206,376.41343249201,0,0,206,-93.3406506681685,174.499999999997,-85.151465838728,174.405548998909
207,411.99014528611,0,0,207,-108.270192289619,302.242865920768,-164.499999999999,175.51747165496
208,-279.051193590009,1,0,208,26.9262461895474,349,-232.638131010372,176.383917256051
209,393.834208521217,0,0,209,-9.48997355413072,302.242865920769,-284.92235784508,177.003673999659
210,183.423248330945,0,0,210,-60.663029919891,174.499999999999,-317.789596849104,177.375875099941
211,-93.9415202983876,0,0,211,-153.441520298385,-2.22378515654563e-12,-329,177.5
212,-51.3882264097774,0,0,212,51.525495339384,-174.499999999999,-317.789596849104,177.375875099941
213,-246.014065229504,0,0,213,-48.8525154633145,-302.242865920769,-284.92235784508,177.003673999659
214,-217.735924830419,0,0,214,-26.4817110760958,-349,-232.638131010374,176.383917256051
215,123.927138657556,0,0,215,200.152532923368,-302.242865920771,-164.500000000001,175.51747165496
216,280.114217196082,0,0,216,149.360134035906,-174.500000000002,-85.1514658387305,174.405548998909
217,343.423466085607,0,0,217,-46.6262383266643,-1.53864623844873e-12,-7.25235834455063e-13,173.049704412274
218,787.244814199432,0,0,218,138.1415141944,174.499999999995,85.1514658387268,171.45183416631
219,948.475481741862,0,0,219,93.1184427940573,302.242865920767,164.499999999998,169.61417302704
220,962.293829924952,0,0,220,-6.88359221515763,349,232.638131010375,167.539291129735
221,872.236618988991,0,0,221,-101.158695161204,302.242865920768,284.922357845081,165.230090384346
222,953.849120682903,0,0,222,76.8697234168781,174.500000000001,317.789596849103,162.689800416921
223,690.060564417125,0,0,223,-21.8614096355551,3.41489337837602e-13,329,159.921974052679
224,446.213829711714,0,0,224,-78.0062494844572,-174.500000000001,317.789596849103,156.930482347068
225,323.171000096144,0,0,225,-38.2280009999072,-302.242865920767,284.922357845081,153.719509171738
226,209.458152261904,0,0,226,-50.4735241114911,-349,232.638131010375,150.293545363021
227,170.825817338711,0,0,227,-65.088699181609,-302.24286592077,164.5,146.657382441089
228,275.24129226182,0,0,228,-6.22627948549069,-174.500000000004,85.1514658387317,142.816105908584
229,376.493165582849,0,0,229,8.71807744477579,-4.10392073283197e-12,1.93436951447238e-12,138.775088138075
230,494.125547798069,0,0,230,40.2370327784813,174.499999999997,-85.1514658387279,134.539980858318
231,452.11719782599,0,0,231,-46.7423753445732,302.242865920771,-164.500000000001,130.116707249794
232,382.438006452655,0,0,232,-91.4353161975838,349,-232.638131010374,125.511453660612
233,272.348500417157,0,0,233,-98.7026686128698,302.242865920769,-284.92235784508,120.730660954338
234,203.527028209281,0,0,234,-2.96439044348154,174.499999999999,-317.789596849104,115.781015501867
235,45.741812393166,0,0,235,29.0723725632379,2.90676383222084e-12,-329,110.669439829925
236,-278.956053893585,0,0,236,-128.069539983779,-174.499999999998,-317.789596849104,105.403082939297
237,-58.6340387967582,0,0,237,191.541874662798,-302.242865920769,-284.922357845081,99.989310306293
238,-226.837406046813,0,0,238,22.3650313820902,-349,-232.638131010376,94.4356935814724
239,-150.476287874265,0,0,239,-11.4834219534927,-302.242865920771,-164.500000000002,88.7500000000002
240,83.9664375983589,0,0,240,20.6777219186233,-174.500000000002,-85.1514658387306,82.9401815184685
241,375.880593514439,0,0,241,57.8662298210822,-6.6691952272152e-12,-3.14350319448969e-12,77.0143636933666
242,589.36886998382,0,0,242,16.7365698283376,174.499999999999,85.151465838729,70.9808343167541
243,753.36524013341,0,0,243,-21.2256576123943,302.242865920769,164.5,64.848031825035
244,-22.2939534046468,1,0,244,-99.8333918868286,349,232.638131010375,58.6245334970421
245,773.743021440858,0,0,245,-110.741245782928,302.24286592077,284.92235784508,52.3190434579355
246,723.519070966875,0,0,246,-60.710906387927,174.500000000001,317.789596849103,45.9403805056974
247,367.141836927455,0,0,247,-248.355628849796,5.47203832660407e-12,329,39.4974657772459
248,426.379553190567,0,0,248,2.09064607004662,-174.5,317.789596849103,32.9993102714174
249,255.360911244062,0,0,249,-2.77358292652259,-302.242865920767,284.922357845081,26.4550022462711
250,243.976188763556,0,0,250,90.4643632448422,-349,232.638131010377,19.8736945083374
251,113.098177099963,0,0,251,-13.423548590858,-302.24286592077,164.500000000001,13.2645916115906
252,145.494705158379,0,0,252,-23.7936976643996,-174.499999999996,85.1514658387272,6.63693698404781
253,289.626297948417,0,0,253,36.6262979484171,6.84706869612559e-13,-3.22734326794458e-13,6.52124420545966e-14
254,260.829167659219,0,0,254,-75.8824295180031,174.499999999997,-85.1514658387279,-6.63693698404768
255,345.554727020705,0,0,255,-33.9235472884738,302.24286592077,-164.500000000001,-13.2645916115901
256,333.558041095138,0,0,256,-18.9301333861512,349,-232.638131010374,-19.8736945083372
257,218.663564432733,0,0,257,-29.201941396689,302.242865920772,-284.922357845079,-26.455002246271
258,103.095273797942,0,0,258,21.3841809184633,174.499999999999,-317.789596849104,-32.9993102714173
259,-185.721989080332,0,0,259,-76.2245233030894,3.07772452538181e-12,-329,-39.4974657772457
260,-149.423825653448,0,0,260,128.806151701348,-174.499999999994,-317.789596849104,-45.9403805056973
261,-501.844085549551,0,0,261,-123.359818325767,-302.242865920769,-284.922357845081,-52.3190434579353
262,-328.116152495851,0,0,262,50.146512011567,-349,-232.638131010376,-58.6245334970419
263,-348.147300452753,0,0,263,-79.5564027069492,-302.242865920769,-164.5,-64.8480318250352
264,-53.3769778251347,0,0,264,13.2553223303525,-174.500000000003,-85.1514658387307,-70.980834316754
265,262.678236554627,0,0,265,74.6926002479889,3.07902067083482e-12,1.45128624742788e-12,-77.0143636933665
266,522.158812743653,0,0,266,79.4475284233931,174.499999999999,85.1514658387289,-82.9401815184684
267,656.447227639359,0,0,267,11.4543617185938,302.242865920767,164.499999999998,-88.7499999999999
268,769.746703277047,0,0,268,14.5442658481442,349,232.638131010375,-94.435693581472
269,789.192951902826,0,0,269,33.0170384432686,302.24286592077,284.92235784508,-99.9893103062929
270,787.625817717875,0,0,270,130.739303808063,174.500000000006,317.789596849103,-105.403082939297
271,453.652285709235,0,0,271,-35.6782744608405,6.83410724159543e-13,329,-110.669439829925
272,375.192861903453,0,0,272,75.6842805562112,-174.499999999996,317.789596849104,-115.781015501866
273,147.393079068756,0,0,273,12.4442480987843,-302.24286592077,284.92235784508,-120.730660954338
274,48.2983402260729,0,0,274,16.1716628763101,-349,232.638131010375,-125.511453660612
275,-4.37644983110181,0,0,275,-11.5168766605389,-302.242865920767,164.499999999999,-130.116707249794
276,90.9092582400082,0,0,276,38.797773259597,-174.5,85.1514658387296,-134.539980858318
277,37.3481311546474,0,0,277,-100.876780707275,-4.44584211915391e-12,2.09553303324017e-12,-138.775088138075
278,468.739839362949,0,0,278,244.207411110261,174.500000000001,-85.15146583873,-142.816105908584
279,330.961141690125,0,0,279,60.8756582104451,302.242865920768,-164.499999999999,-146.657382441089
280,328.107864387181,0,0,280,82.0395407605738,349,-232.638131010372,-150.29354536302
281,37.3491962271942,0,0,281,-107.251802676757,302.242865920769,-284.92235784508,-153.719509171738
282,-24.6599999787838,0,0,282,-6.43992078261642,174.500000000004,-317.789596849103,-156.930482347068
283,-169.069445121136,0,0,283,36.8525289315354,8.20827351414828e-12,-329,-159.921974052679
284,-442.322477822141,0,0,284,-71.3430805561181,-174.499999999998,-317.789596849104,-162.689800416921
285,-520.786375455869,0,0,285,-53.3910613056726,-302.242865920771,-284.922357845079,-165.230090384346
286,-326.136030778903,0,0,286,137.041391361207,-349,-232.638131010374,-167.539291129735
287,-353.620733582802,0,0,287,-4.26369463498966,-302.242865920771,-164.500000000002,-169.61417302704
288,-225.306542431606,0,0,288,-82.20324242657,-174.499999999998,-85.1514658387285,-171.45183416631
289,-25.9389087015605,0,0,289,-141.889204289284,-2.05152831793165e-12,-9.6698111260675e-13,-173.049704412274
290,-538.027757705218,1,0,290,-106.550448519796,174.499999999995,85.1514658387266,-174.405548998909
291,440.792725169806,0,0,291,-141.432669096003,302.242865920769,164.5,-175.51747165496
292,815.682731858047,0,0,292,118.428518103725,349,232.638131010373,-176.383917256051
293,851.348853928649,0,0,293,148.187304162457,302.242865920773,284.922357845078,-177.003673999659
294,619.735609203564,0,0,294,10.8218874543996,174.500000000002,317.789596849103,-177.375875099941
295,528.571620699206,0,0,295,82.0716206992098,-4.10521687828499e-12,329,-177.5
296,224.63906329405,0,0,296,-37.2746584551129,-174.5,317.789596849103,-177.375875099941
297,-7.85885247992175,0,0,297,-110.534670404576,-302.242865920767,284.922357845081,-177.003673999659
298,-83.5878642704777,0,0,298,-88.8420780248006,-349,232.638131010373,-176.383917256051
299,-43.9795142088513,0,0,299,-29.7191766331217,-302.24286592077,164.500000000001,-175.51747165496
300,25.5787383757052,0,0,300,-10.6671784641132,-174.500000000005,85.1514658387319,-174.405548998909
301,132.703307089953,0,0,301,4.75301150222681,3.42785483290618e-13,-1.61570808026667e-13,-173.049704412274
302,46.1298251976458,0,0,302,-173.766874797314,174.499999999997,-85.1514658387277,-171.45183416631
303,468.691692325685,0,0,303,197.562999431957,302.242865920765,-164.499999999997,-169.61417302704
304,340.007757328499,0,0,304,87.1851794686075,349,-232.638131010374,-167.539291129735
305,172.143011415389,0,0,305,15.0525937240423,302.242865920772,-284.922357845079,-165.230090384346
306,-44.640744753161,0,0,306,-44.6613474871362,174.5,-317.789596849104,-162.689800416921
307,-165.653129042463,0,0,307,16.2688450102126,3.41964591170375e-12,-329,-159.921974052679
308,-412.902856625128,0,0,308,-71.6827774289541,-174.500000000002,-317.789596849103,-156.930482347068
309,-640.82804340697,0,0,309,-208.943310469383,-302.242865920768,-284.922357845081,-153.719509171738
310,-473.452624605853,0,0,310,-51.5209482324567,-349,-232.638131010376,-150.29354536302
311,-285.985719833232,0,0,311,16.414528528626,-302.242865920769,-164.5,-146.657382441089
312,-160.57857636441,0,0,312,-70.1110046170929,-174.500000000003,-85.1514658387308,-142.816105908584
313,326.4377337303,0,0,313,152.212821868386,-7.18207730669812e-12,-3.38524847264138e-12,-138.775088138075
314,493.968628877651,0,0,314,54.8571438972417,174.499999999999,85.1514658387288,-134.539980858318
315,636.283262378344,0,0,315,-15.3428962926262,302.242865920767,164.499999999998,-130.116707249794
316,792.483213199227,0,0,316,20.3565358494649,349,232.638131010374,-125.511453660612
317,828.754871797733,0,0,317,45.3203089862207,302.242865920771,284.92235784508,-120.730660954338
318,637.329748928737,0,0,318,-57.1788324184972,174.499999999997,317.789596849104,-115.781015501867
319,477.600438079489,0,0,319,-59.7301220905865,1.02533211048148e-12,329,-110.669439829925
320,321.75232757545,0,0,320,-36.1341863343615,-174.499999999996,317.789596849104,-105.403082939297
321,371.128912157987,0,0,321,167.438730539969,-302.24286592077,284.92235784508,-99.989310306293
322,36.8390188063223,0,0,322,-74.3634186225803,-349,232.638131010375,-94.4356935814724
323,122.479092330239,0,0,323,25.9719582510083,-302.242865920773,164.500000000003,-88.75
324,234.937098712603,0,0,324,83.2258143923427,-174.500000000001,85.1514658387297,-82.9401815184685
325,217.160163911487,0,0,325,-30.8254723951439,-4.78776350547585e-12,2.25669655200796e-12,-77.0143636933666
326,386.527246176513,0,0,326,42.1595463320003,174.499999999992,-85.1514658387254,-70.9808343167542
327,472.683661396886,0,0,327,72.7888273011529,302.242865920768,-164.499999999999,-64.8480318250353
328,266.438082539319,0,0,328,-119.299252953264,349,-232.638131010375,-58.6245334970421
329,295.995308780585,0,0,329,1.99384416282397,302.242865920774,-284.922357845078,-52.3190434579358
330,233.398704748791,0,0,330,92.6286821035871,174.500000000004,-317.789596849103,-45.9403805056975
331,-36.7926513466819,0,0,331,0.704814430555724,8.55019490047022e-12,-329,-39.4974657772462
332,-106.906346366842,0,0,332,86.3825607536767,-174.499999999998,-317.789596849104,-32.9993102714175
333,-315.371153411347,0,0,333,-34.7509273992258,-302.242865920771,-284.922357845079,-26.4550022462708
334,-299.469575742936,0,0,334,-31.9577502242239,-349,-232.638131010374,-19.8736945083374
335,-101.069682873574,0,0,335,43.9377746587801,-302.242865920766,-164.499999999998,-13.2645916115903
336,152.823156831274,0,0,336,83.1115596540618,-174.500000000007,-85.1514658387332,-6.63693698404783
337,356.336439897669,0,0,337,19.3364398976731,-2.39344970425359e-12,-1.12814463137454e-12,-8.69499227394621e-14
338,600.036781178232,0,0,338,-4.25162164453633,174.499999999995,85.1514658387264,6.63693698404766
339,707.3383324186,0,0,339,-111.669125113759,302.242865920769,164.5,13.2645916115904
340,944.334847201252,0,0,340,2.82302168254251,349,232.638131010373,19.8736945083369
341,1030.62031353181,0,0,341,76.0000875196855,302.242865920768,284.922357845081,26.455002246271
342,886.719943688889,0,0,342,19.431036568359,174.50000000001,317.789596849102,32.999310271417
343,655.558327257953,0,0,343,-55.9391385192993,6.15588109924795e-12,329,39.4974657772457
344,405.303255910469,0,0,344,-127.926721444333,-174.5,317.789596849103,45.9403805056976
345,-276.501434441415,1,0,345,150.22325620157,-302.242865920767,284.922357845081,52.3190434579353
346,53.2082678199545,0,0,346,-235.054396687461,-349,232.638131010374,58.6245334970422
347,184.216879960808,0,0,347,-89.8882859434579,-302.24286592077,164.500000000001,64.8480318250348
348,378.307451097797,0,0,348,48.6751509423122,-174.499999999997,85.1514658387275,70.980834316754
349,415.086170142152,0,0,349,-10.9281935512095,-9.91831249424232e-12,4.67496391204258e-12,77.0143636933665
350,552.841968750011,0,0,350,30.553253070274,174.499999999997,-85.1514658387275,82.9401815184684
351,580.717788565548,0,0,351,3.22492264477983,302.242865920765,-164.499999999997,88.7499999999998
352,553.34404781567,0,0,352,-9.45351475542846,349,-232.638131010374,94.4356935814723
353,502.886847807774,0,0,353,32.5770294257882,302.242865920772,-284.922357845079,99.9893103062927
354,340.819827285133,0,0,354,24.7063411949396,174.5,-317.789596849103,105.403082939297
355,182.236121915523,0,0,355,45.5666820856041,-6.15760929318531e-12,-329,110.669439829925
356,-8.0281074240432,0,0,356,12.4804739231882,-174.499999999993,-317.789596849104,115.781015501866
357,-75.9025188015841,0,0,357,33.5320440099266,-302.242865920768,-284.922357845081,120.730660954338
358,-48.1644490882675,0,0,358,49.9622282614965,-349,-232.638131010376,125.511453660612
359,-67.1728846947058,0,0,359,-89.5467260237313,-302.242865920769,-164.5,130.116707249794
360,285.010382567877,0,0,360,50.1218675482935,-174.500000000003,-85.151465838731,134.539980858318
361,416.17316378682,0,0,361,-83.6019243512592,2.39517789819094e-12,1.12895920989229e-12,138.775088138075
362,674.921385673954,0,0,362,-89.5461860733434,174.49999999999,85.1514658387241,142.816105908584
363,953.161854306938,0,0,363,-23.2383940549151,302.242865920766,164.499999999998,146.657382441089
364,1210.74400793941,0,0,364,114.81233156601,349,232.638131010374,150.29354536302
365,1064.19421289396,0,0,365,-41.6905200436248,302.242865920771,284.922357845079,153.719509171738
366,1080.86482588491,0,0,366,65.6447466887445,174.499999999998,317.789596849104,156.930482347068
367,717.549896534183,0,0,367,-138.372077518498,1.36725349680343e-12,329,159.921974052679
368,589.610840640285,0,0,368,-84.3685566257343,-174.500000000004,317.789596849103,162.689800416921
369,496.293165915456,0,0,369,-20.6164163932081,-302.242865920764,284.922357845083,165.230090384346
370,402.914832238101,0,0,370,-18.2625899020092,-349,232.638131010375,167.539291129735
371,362.388707118081,0,0,371,-40.4825999881894,-302.242865920773,164.500000000003,169.61417302704
372,442.899435100271,0,0,372,-11.2038649047678,-174.500000000001,85.1514658387299,171.45183416631
373,680.584454538947,0,0,373,134.534750126676,-5.12968489179779e-12,2.41786007077575e-12,173.049704412274
374,640.779908032109,0,0,374,3.02582487192933,174.500000000001,-85.1514658387297,174.405548998909
375,725.505302494399,0,0,375,37.2449649186692,302.242865920773,-164.500000000003,175.51747165496
376,612.13880599884,0,0,376,-56.6069802468384,349,-232.638131010372,176.383917256051
377,666.439276723813,0,0,377,95.1150946484636,302.24286592077,-284.92235784508,177.003673999659
378,472.914467772349,0,0,378,60.8281895215065,174.500000000004,-317.789596849103,177.375875099941
379,474.183479191226,0,0,379,246.683479191227,-1.02706030441884e-12,-329,177.5
380,10.0328832237771,0,0,380,-55.0533950270623,-174.499999999997,-317.789596849104,177.375875099941
381,-18.4786260066908,0,0,381,10.6829237595,-302.242865920771,-284.92235784508,177.003673999659
382,126.80896571253,0,0,382,150.063179466857,-349,-232.638131010378,176.383917256051
383,-43.9985748795826,0,0,383,-135.77318061377,-302.242865920771,-164.500000000002,175.51747165496
384,217.853982237916,0,0,384,-80.9001009222518,-174.500000000008,-85.1514658387333,174.405548998909
385,501.37565434236,0,0,385,-56.6740500699101,-2.73537109057553e-12,-1.28930815014233e-12,173.049704412274
386,776.522772875407,0,0,386,-40.5805271296359,174.500000000003,85.1514658387308,171.45183416631
387,1052.90204167626,0,0,387,29.5450027284552,302.242865920769,164.5,169.61417302704
388,1031.21416678808,0,0,388,-105.963255352031,349,232.638131010376,167.539291129735
389,1214.63251204897,0,0,389,73.2371978987711,302.242865920773,284.922357845078,165.230090384346
390,992.325741811664,0,0,390,-52.6536554543625,174.500000000002,317.789596849103,162.689800416921
391,931.004021406214,0,0,391,51.0820473535276,6.49780248556989e-12,329,159.921974052679
392,478.387673416264,0,0,392,-213.832405779908,-174.5,317.789596849104,156.930482347068
393,743.900732367703,0,0,393,214.50173127165,-302.242865920767,284.922357845081,153.719509171738
394,405.488481921152,0,0,394,-22.4431944522416,-349,232.638131010374,150.29354536302
395,641.560031447662,0,0,395,237.645514927343,-302.242865920775,164.500000000005,146.657382441089
396,452.775228445833,0,0,396,3.30765669852258,-174.500000000006,85.1514658387322,142.816105908584
397,514.153207065391,0,0,397,-21.6218810726838,-3.41057289353264e-13,1.60756229508917e-13,138.775088138075
398,732.685725107614,0,0,398,110.797210088027,174.499999999996,-85.1514658387274,134.539980858318
399,685.290264085167,0,0,399,18.4306909146031,302.24286592077,-164.500000000001,130.116707249794
400,757.279043462308,0,0,400,115.405720812069,349,-232.638131010373,125.511453660612
401,681.624935874877,0,0,401,142.573766844853,302.242865920767,-284.922357845081,120.730660954338
402,520.60738724847,0,0,402,146.115968595697,174.500000000009,-317.789596849102,115.781015501867
403,164.069636963315,0,0,403,-20.5998028666144,4.10348868434763e-12,-329,110.669439829925
404,58.733661586557,0,0,404,41.6201754963579,-174.499999999993,-317.789596849104,105.403082939297
405,-14.9313758270102,0,0,405,67.2445376325455,-302.242865920768,-284.922357845081,99.9893103062931
406,-59.4631337768473,0,0,406,21.7393036520564,-349,-232.638131010376,94.4356935814725
407,190.537591659126,0,0,407,161.530457579895,-302.242865920769,-164.5,88.75
408,41.9904700192579,0,0,408,-189.298245660489,-174.499999999995,-85.1514658387266,82.9401815184685
409,486.027116304286,0,0,409,0.0127526109309748,-7.865920079342e-12,-3.70757551017696e-12,77.0143636933667
410,700.811310406017,0,0,410,-39.8209897494634,174.499999999998,85.1514658387285,70.9808343167539
411,1018.81854497042,0,0,411,76.2276472246203,302.242865920766,164.499999999998,64.8480318250353
412,1024.70597734032,0,0,412,-27.5566871671003,349,232.638131010374,58.6245334970421
413,1129.25039167325,0,0,413,76.7661244494615,302.242865920771,284.922357845079,52.3190434579358
414,760.328950483473,0,0,414,-191.901026871326,174.499999999998,317.789596849104,45.9403805056975
415,887.419282998092,0,0,415,103.921817220834,1.16283514743364e-11,329,39.4974657772462
416,442.043375018901,0,0,416,-150.245532101626,-174.499999999995,317.789596849104,32.9993102714175
417,599.644000510008,0,0,417,173.509506339426,-302.242865920769,284.92235784508,26.4550022462709
418,444.420244050795,0,0,418,122.908418532082,-349,232.638131010375,19.8736945083374
419,248.715582744941,0,0,419,-45.8061429458805,-302.242865920768,164.499999999999,13.2645916115903
420,434.648187641614,0,0,420,97.3597848188376,-174.500000000001,85.15146583873,6.63693698404785
421,324.609326530933,0,0,421,-96.3906734690696,4.44757031309126e-12,-2.09634761175792e-12,1.08687403424328e-13
422,671.622336330939,0,0,422,166.91073915372,174.499999999992,-85.151465838725,-6.63693698404764
423,345.078382534534,0,0,423,-202.399891774644,302.242865920767,-164.499999999999,-13.2645916115904
424,515.301731997518,0,0,424,-5.18644248377329,349,-232.638131010372,-19.8736945083369
425,421.045448661198,0,0,425,5.17994283177924,302.24286592077,-284.92235784508,-26.455002246271
426,276.600815970559,0,0,426,26.8897230910745,174.500000000005,-317.789596849103,-32.999310271417
427,138.211597760829,0,0,427,79.7090635380752,-6.85138918096898e-13,-329,-39.4974657772457
428,67.807327493534,0,0,428,178.03730484834,-174.500000000006,-317.789596849103,-45.9403805056976
429,-458.454551444386,0,0,429,-247.970284220603,-302.242865920765,-284.922357845082,-52.3190434579356
430,-187.541023614838,0,0,430,22.7216408925786,-349,-232.638131010375,-58.6245334970422
431,-15.0517988429099,0,0,431,85.5390989028991,-302.242865920772,-164.500000000002,-64.8480318250351
432,175.256432007971,0,0,432,73.8887321634533,-174.499999999999,-85.1514658387289,-70.980834316754
433,347.359939364987,0,0,433,-8.62569694164181,-3.07729247689747e-12,-1.45047166891013e-12,-77.0143636933665
434,506.891192696487,0,0,434,-103.820091623777,174.500000000003,85.1514658387307,-82.9401815184683
435,746.061315082858,0,0,435,-66.9315508379013,302.242865920764,164.499999999996,-88.7499999999998
436,909.599943706778,0,0,436,-13.6024937221228,349,232.638131010372,-94.435693581472
437,901.896964045825,0,0,437,-22.278949413734,302.242865920774,284.922357845078,-99.9893103062926
438,868.951222802321,0,0,438,44.0647088925115,174.500000000003,317.789596849103,-105.403082939296
439,617.135794491556,0,0,439,-40.1947656785159,-3.07945271931916e-12,329,-110.669439829925
440,440.894723629915,0,0,440,-26.6138577173232,-174.499999999999,317.789596849104,-115.781015501867
441,263.683052299642,0,0,441,-39.2657786703267,-302.242865920772,284.922357845079,-120.730660954338
442,387.649043179801,0,0,442,187.522365830036,-349,232.638131010377,-125.511453660612
443,272.021059569593,0,0,443,96.8806327401561,-302.24286592077,164.500000000001,-130.116707249794
444,88.0499248968244,0,0,444,-132.061560083584,-174.500000000006,85.1514658387324,-134.539980858318
445,447.64707258653,0,0,445,141.422160724605,-6.82978675675205e-13,3.21919748276708e-13,-138.775088138075
446,671.915770067421,0,0,446,279.383341814735,174.499999999996,-85.1514658387272,-142.816105908584
447,305.832338663892,0,0,447,-132.253144815789,302.24286592077,-164.500000000001,-146.657382441089
448,437.784635109323,0,0,448,23.7163114827133,349,-232.63813101037,-150.29354536302
449,281.608759840025,0,0,449,-30.9922390639308,302.242865920772,-284.922357845079,-153.719509171738
450,51.433959157625,0,0,450,-98.3459616462036,174.5,-317.789596849103,-156.930482347068
451,-206.966323594575,0,0,451,-169.0443495419,4.44541007066957e-12,-329,-159.921974052679
452,-200.966868503764,0,0,452,2.01252876226155,-174.500000000001,-317.789596849103,-162.689800416921
453,-251.9510329526,0,0,453,47.4442811975956,-302.242865920768,-284.922357845081,-165.230090384346
454,-477.319333636816,0,0,454,-182.141911496708,-349,-232.638131010373,-167.539291129735
455,-146.899963731071,0,0,455,34.4570752167472,-302.242865920774,-164.500000000004,-169.61417302704
456,-45.6343888417543,0,0,456,-70.5310888367097,-174.500000000004,-85.1514658387313,-171.45183416631
457,429.983491166504,0,0,457,146.033195578789,-8.20784146566394e-12,-3.86873902894475e-12,-173.049704412274
458,513.971711548221,0,0,458,-29.2742052915964,174.499999999998,85.1514658387283,-174.405548998909
459,731.452885307398,0,0,459,-18.772508958405,302.242865920766,164.499999999997,-175.51747165496
460,725.236078791427,0,0,460,-140.018134962896,349,232.638131010374,-176.383917256051
461,844.085393293011,0,0,461,-27.0761564731778,302.242865920766,284.922357845082,-177.003673999659
462,806.892100281768,0,0,462,29.978378532599,174.500000000007,317.789596849103,-177.375875099941
463,716.328312144055,0,0,463,101.828312144053,2.05109626944731e-12,329,-177.5
464,559.138075827892,0,0,464,129.224354078724,-174.499999999995,317.789596849104,-177.375875099941
465,263.516494308918,0,0,465,-7.15932361573351,-302.242865920769,284.92235784508,-177.003673999659
466,220.549390339099,0,0,466,47.295176584774,-349,232.638131010375,-176.383917256051
467,236.951472678868,0,0,467,83.2118102545976,-302.242865920768,164.499999999999,-175.51747165496
468,161.071835615271,0,0,468,-43.1740812245444,-174.50000000001,85.1514658387347,-174.405548998909
469,366.291389857482,0,0,469,70.3410942697586,-5.81352766444167e-12,2.74018710831133e-12,-173.049704412274
470,397.183356418944,0,0,470,9.28665642398713,174.499999999992,-85.1514658387249,-171.45183416631
471,264.891710437241,0,0,471,-174.236982456487,302.242865920767,-164.499999999998,-169.61417302704
472,394.181441423912,0,0,472,-26.641136435978,349,-232.638131010375,-167.539291129735
473,292.229555189462,0,0,473,-32.860862501882,302.24286592077,-284.92235784508,-165.230090384346
474,103.93150983571,0,0,474,-64.0890928982612,174.499999999996,-317.789596849104,-162.689800416921
475,-31.4335585514885,0,0,475,-17.5115844988184,9.57595905943604e-12,-329,-159.92197405268
476,-238.252110315936,0,0,476,-65.0320311197672,-174.499999999997,-317.789596849104,-156.930482347068
477,-380.320954094106,0,0,477,-116.436221156521,-302.242865920765,-284.922357845082,-153.719509171738
478,-288.98973092936,0,0,478,-35.0580545559654,-349,-232.638131010375,-150.29354536302
479,-101.333512123911,0,0,479,33.066736237952,-302.242865920772,-164.500000000002,-146.657382441089
480,148.19955051811,0,1,480,70.6671222654223,-174.5,-85.1514658387291,-142.816105908584
481,480.034269334082,0,0,480,27.7892869617005,-2.66767809088608e-12,-1.25740127779588e-12,-27.7550176276151
482,491.372430480298,0,0,480,-13.6498665157819,34.8999999999987,17.0302931677452,-26.9079961716636
483,542.835197216221,0,0,480,-4.49003451797406,60.4485731841537,32.8999999999999,-26.0233414499589
484,557.473008132558,0,0,480,-13.7523273373943,69.8,46.5276262020745,-25.1022907321225
485,587.258350546628,0,0,480,13.971437984326,60.4485731841538,56.9844715690161,-24.1461321908676
486,563.834992922053,0,0,480,8.53327665260482,34.9000000000006,63.5579193698206,-23.1562031003734
487,505.608010376193,0,0,480,-18.0581016578219,-5.47506266599444e-13,65.8,-22.133887965985
488,485.79463661666,0,0,480,-1.78266616530363,-34.8999999999981,63.557919369821,-21.0806165878594
489,487.172307800635,0,0,480,30.6342714770309,-60.4485731841533,56.9844715690163,-19.9978620612586
490,433.47206242447,0,0,480,-4.36842506131045,-69.8,46.5276262020754,-18.8871387162946
491,430.170554824581,0,0,480,-4.53087199126505,-60.4485731841541,32.9000000000002,-17.75
492,472.474143511887,0,0,480,26.9318866478343,-34.8999999999995,17.0302931677456,-16.5880363036937
493,499.302090741347,0,0,480,34.7049634800216,-2.18881533064163e-12,1.03169089366919e-12,-15.4028727386733
494,453.013906370228,0,0,480,-30.6596335986752,34.8999999999991,-17.0302931677454,-14.1961668633508
495,476.793133341545,0,0,480,-17.7858334776018,60.4485731841539,-32.9000000000001,-12.9696063650071
496,468.445828894475,0,0,480,-23.1016382040415,69.8,-46.5276262020753,-11.7249066994085
497,454.072273738782,0,0,480,-18.9280191847692,60.4485731841545,-56.9844715690157,-10.4638086915872
498,459.257772803011,0,0,480,17.1037682739705,34.9000000000002,-63.5579193698207,-9.18807610113944
499,406.761934970152,0,0,480,0.461428125597953,2.9413016096405e-12,-65.8,-7.89949315544925
500,396.45934748696,0,0,480,21.5171289110627,-34.8999999999985,-63.5579193698209,-6.59986205428344
501,375.806733543499,0,0,480,18.5307787459235,-60.4485731841535,-56.9844715690162,-5.2910004492543
502,333.006114869912,0,0,480,-26.6915200263463,-69.8,-46.5276262020746,-3.97473890166742
503,381.132902081134,0,0,480,-2.86560641239543,-60.4485731841529,-32.8999999999992,-2.65291832231807
504,397.653321742264,0,0,480,-29.088997693179,-34.9000000000008,-17.0302931677463,-1.32738739680958
505,504.18352429457,0,0,480,24.1835242945695,2.73882747845024e-13,1.29093730717783e-13,-2.60849768218386e-14
506,517.559871482257,0,0,480,-15.6978090822946,34.8999999999978,17.0302931677447,1.32738739680952
507,577.61849376663,0,0,480,1.61700226015883,60.4485731841532,32.8999999999995,2.65291832231801
508,635.843519966244,0,0,480,35.5411548625017,69.8,46.5276262020748,3.97473890166737
509,613.184334196389,0,0,480,10.4602889939655,60.4485731841533,56.9844715690163,5.29100044925413
510,607.376591219583,0,0,480,22.3188097954781,34.9000000000015,63.5579193698205,6.59986205428339
511,565.209387670264,0,0,480,11.5098945148146,4.7860353115385e-13,65.8,7.8994931554492
512,519.718420894767,0,0,480,1.87242542380331,-34.8999999999972,63.5579193698211,9.18807610113939
513,468.661864520109,0,0,480,-18.3378425563421,-60.4485731841528,56.9844715690165,10.4638086915871
514,470.781907445921,0,0,480,2.32937454443711,-69.8,46.5276262020751,11.7249066994084
515,472.22359845034,0,0,480,6.80256526948637,-60.4485731841536,32.8999999999999,12.969606365007
516,481.645644309052,0,0,480,5.31918427795503,-34.8999999999987,17.0302931677452,14.1961668633508
517,509.933845728468,0,0,480,14.530972989795,-1.23108981015272e-12,5.80270125415825e-13,15.4028727386733
518,497.038547032999,0,0,480,-17.4191961029491,34.9,-17.0302931677458,16.5880363036937
519,508.715084673102,0,0,480,-16.5834885110516,60.4485731841524,-32.8999999999989,17.75
520,517.260587346153,0,0,480,-4.89892516806693,69.8,-46.5276262020743,18.8871387162944
521,543.43322446379,0,0,480,39.971260787393,60.448573184154,-56.984471569016,19.9978620612585
522,477.92514638488,0,0,480,5.50244916684187,34.8999999999993,-63.5579193698208,21.0806165878592
523,439.092042799538,0,0,480,2.75815483355119,1.9835760891516e-12,-65.8,22.133887965985
524,392.814894091534,0,0,480,-11.8833896390192,-34.8999999999993,-63.5579193698208,23.1562031003733
525,384.078140817606,0,0,480,-2.6349466200912,-60.448573184154,-56.984471569016,24.1461321908677
526,400.770597897191,0,0,480,11.9959333671445,-69.8,-46.5276262020756,25.1022907321224
527,380.810575421969,0,0,480,-31.8641928438351,-60.4485731841544,-32.9000000000005,26.0233414499588
528,461.117783090184,0,0,480,6.14008008626625,-34.9,-17.0302931677458,26.9079961716636
529,538.581564826139,0,0,480,30.826547198522,1.23160826833393e-12,5.8051449897115e-13,27.755017627615
530,558.234547020066,0,0,480,-2.25896732939466,34.8999999999987,17.0302931677452,28.5632211817167
531,554.514065474126,0,0,480,-48.1659841982449,60.4485731841536,32.8999999999999,29.3314764882178
532,615.888597774959,0,0,480,-10.4977374997185,69.8,46.5276262020738,30.0587090726041
533,622.509304920399,0,0,480,-5.66764166711905,60.4485731841548,56.9844715690156,30.7439018343475
534,631.948151696994,0,0,480,22.104135857759,34.9000000000006,63.5579193698206,31.3860964694136
535,549.631752510974,0,0,480,-28.1526422995611,-4.79121989335056e-13,65.8,31.9843948105358
536,557.381939107631,0,0,480,16.1860596544272,-34.9000000000015,63.5579193698205,32.5379600833842
537,498.967473109147,0,0,480,-10.6144433525853,-60.4485731841533,56.9844715690163,33.0460180768693
538,454.097635379258,0,0,480,-36.1378490487643,-69.8,46.5276262020748,33.507858225947
539,503.560015120168,0,0,480,17.1857536989141,-60.4485731841551,32.9000000000011,33.922834605408
540,477.464007893638,0,0,480,-18.9566521073695,-34.9000000000013,17.0302931677465,34.2903668332619
541,482.620375561184,0,0,480,-31.9895653212709,-2.73364289663817e-13,1.28849357162458e-13,34.6099408824547
542,537.784677388801,0,0,480,5.03386075676511,34.9000000000008,-17.0302931677463,34.8811097997817
543,503.519914731047,0,0,480,-39.1321527840989,60.4485731841529,-32.8999999999992,35.1034943309921
544,530.386309004325,0,0,480,-8.16284824481041,69.8,-46.5276262020746,35.2767834512101
545,503.609011450788,0,0,480,-15.2558249642812,60.4485731841535,-56.9844715690162,35.4007347999319
546,477.594286705844,0,0,480,-9.2229689443261,34.9000000000019,-63.5579193698204,35.4751750199881
547,422.539835866628,0,0,480,-27.1601641333729,1.02585056866269e-12,-65.8,35.5
548,420.972179760392,0,0,480,3.95492411022439,-34.9000000000002,-63.5579193698207,35.4751750199881
549,403.360080638659,0,0,480,5.39239059189714,-60.4485731841545,-56.9844715690157,35.4007347999319
550,362.368350353594,0,0,480,-36.5808068955412,-69.8,-46.5276262020753,35.2767834512101
551,402.701111992355,0,0,480,-19.0538091544827,-60.4485731841539,-32.9000000000001,35.1034943309921
552,473.134184486815,0,0,480,10.1833678547827,-34.9000000000026,-17.0302931677472,34.8811097997817
553,531.652556424927,0,0,480,17.0426155424749,-1.77833684766156e-12,-8.38213213296067e-13,34.6099408824547
554,444.638374513287,1,0,480,39.7623597173265,34.8999999999995,17.0302931677456,34.2903668332619
555,629.812374294664,0,0,480,22.5409665051012,60.4485731841541,32.9000000000002,33.922834605408
556,623.713138961408,0,0,480,-6.12234546661428,69.8,46.5276262020754,33.507858225947
557,617.649623145333,0,0,480,-12.8294396847062,60.4485731841543,56.9844715690158,33.0460180768693
558,645.856699152079,0,0,480,34.8608196988744,34.8999999999998,63.5579193698207,32.5379600833841
559,577.564437005494,0,0,480,-0.219957805044544,2.53082312666044e-12,65.8,31.9843948105359
560,533.347411646097,0,0,480,-6.69660419313808,-34.8999999999988,63.5579193698209,31.3860964694136
561,477.84373625645,0,0,480,-29.4360639627602,-60.4485731841538,56.9844715690161,30.7439018343476
562,486.491772220715,0,0,480,-0.294563053963621,-69.8,46.5276262020745,30.0587090726041
563,453.373057599138,0,0,480,-28.4098457049262,-60.4485731841547,32.9000000000007,29.3314764882178
564,477.600333056366,0,0,480,-13.0931812930962,-34.9000000000004,17.0302931677461,28.5632211817167
565,504.250154192357,0,0,480,-3.50486343525623,-3.28330940565931e-12,1.54757706942968e-12,27.7550176276151
566,533.283283352739,0,0,480,8.50558034882238,34.8999999999982,-17.0302931677449,26.9079961716636
567,540.140756852431,0,0,480,6.56884221831893,60.4485731841534,-32.8999999999996,26.0233414499588
568,541.598274167668,0,0,480,13.2236096376203,69.8,-46.5276262020749,25.1022907321225
569,503.578333313232,0,0,480,-4.03190049277211,60.4485731841531,-56.9844715690164,24.1461321908676
570,437.794708395796,0,0,480,-36.7035753347578,34.9000000000011,-63.5579193698205,23.1562031003734
571,411.746005744963,0,0,480,-24.587882221022,6.8125048173785e-14,-65.8,22.133887965985
572,411.325371626646,0,0,480,8.70267440860527,-34.8999999999975,-63.557919369821,21.0806165878594
573,368.20172335639,0,0,480,-14.3630939516995,-60.448573184153,-56.9844715690164,19.9978620612586
574,373.559029595955,0,0,480,-9.0004829182647,-69.8,-46.527626202075,18.8871387162946
575,414.688132865514,0,0,480,10.2867060496667,-60.4485731841534,-32.8999999999997,17.75
576,441.01523919619,0,0,480,-3.64250393975474,-34.9000000000017,-17.0302931677468,16.5880363036937
577,494.923038843646,0,0,480,-0.479833895026493,-8.20611327172658e-13,-3.867924450427e-13,15.4028727386733
578,520.204426538646,0,0,480,-25.9220334924514,34.9000000000003,17.030293167746,14.1961668633508
579,584.381199106063,0,0,480,-1.93698044309558,60.4485731841526,32.899999999999,12.9696063650071
580,638.641931040305,0,0,480,30.5893981388223,69.8,46.5276262020744,11.7249066994084
581,617.696426375826,0,0,480,9.79957293106856,60.4485731841538,56.9844715690161,10.4638086915872
582,576.587622769605,0,0,480,-11.0583727013537,34.899999999999,63.5579193698208,9.18807610113944
583,573.127322060943,0,0,480,19.4278289054923,1.57309760617153e-12,65.8,7.89949315544925
584,508.856568158302,0,0,480,-6.40121326580254,-34.8999999999997,63.5579193698207,6.59986205428345
585,487.896813555066,0,0,480,6.06991472094723,-60.4485731841522,56.9844715690168,5.29100044925431
586,473.587641024851,0,0,480,12.8852759211085,-69.8,46.5276262020755,3.97473890166743
587,448.430958732611,0,0,480,-6.67338640555362,-60.4485731841542,32.9000000000003,2.6529183223182
588,473.337801937518,0,0,480,9.88012137296199,-34.8999999999996,17.0302931677457,1.32738739680958
589,451.58443207227,0,0,480,-28.4155679277308,1.64208675131399e-12,-7.73992179344275e-13,3.04324729588117e-14
590,498.360597561834,0,0,480,1.81827812638991,34.899999999999,-17.0302931677454,-1.32738739680952
591,518.276366697925,0,0,480,13.3807118360887,60.4485731841539,-32.9,-2.65291832231801
592,485.996086936396,0,0,480,-13.301547959863,69.8,-46.5276262020739,-3.97473890166737
593,488.766743273421,0,0,480,10.5936421075364,60.4485731841546,-56.9844715690157,-5.29100044925425
594,456.36926429692,0,0,480,11.6270457210234,34.9000000000003,-63.5579193698207,-6.59986205428339
595,405.436572561443,0,0,480,-0.86393428310675,-8.89600472315121e-13,-65.8,-7.89949315544919
596,367.962258214693,0,0,480,-4.3917463143484,-34.8999999999984,-63.5579193698209,-9.18807610113939
597,357.743411146126,0,0,480,5.64026459088269,-60.4485731841535,-56.9844715690162,-10.4638086915871
598,510.579832663623,1,0,480,-2.71227963993982,-69.8,-46.527626202076,-11.7249066994083
599,395.336319374364,0,0,480,21.654498923527,-60.4485731841549,-32.9000000000009,-12.969606365007
600,421.542763527581,0,0,480,7.66922355867864,-34.9000000000009,-17.0302931677463,-14.1961668633508
601,461.482550069173,0,0,480,-3.11457719215413,1.37114193316247e-13,6.46283232106667e-14,-15.4028727386733
602,496.093723618408,0,0,480,-19.2485332456457,34.9000000000012,17.0302931677465,-16.5880363036937
603,564.756289174212,0,0,480,9.15771599005959,60.4485731841531,32.8999999999994,-17.75
604,576.413739227627,0,0,480,-1.02674825815343,69.8,46.5276262020747,-18.8871387162944
605,571.89515919164,0,0,480,-5.54002350027259,60.4485731841553,56.9844715690153,-19.9978620612585
606,560.069474117151,0,0,480,2.69217133518866,34.9000000000016,63.5579193698205,-21.0806165878593
607,504.578971388483,0,0,480,-19.0871406455331,6.15372085682626e-13,65.8,-22.133887965985
608,524.358035650801,0,0,480,38.8563193813544,-34.9000000000005,63.5579193698206,-23.1562031003733
609,457.643552519711,0,0,480,5.2537863257149,-60.4485731841527,56.9844715690166,-24.1461321908676
610,429.246470363004,0,0,480,-2.37886510694913,-69.8,46.5276262020752,-25.1022907321224
611,453.580613717433,0,0,480,27.1525283515455,-60.4485731841537,32.8999999999999,-26.0233414499588
612,443.855660447428,0,0,480,8.63336345134663,-34.9000000000022,17.030293167747,-26.9079961716636
613,425.656568469844,0,0,480,-26.5884139025405,-1.3678583646815e-12,6.44735532922942e-13,-27.755017627615
614,452.841856638543,0,0,480,-16.4646290119943,34.8999999999998,-17.0302931677458,-28.5632211817167
615,477.457510493638,0,0,480,-0.759586202297711,60.4485731841543,-32.9000000000004,-29.3314764882178
616,442.122154810166,0,0,480,-31.0915099151559,69.8,-46.5276262020742,-30.0587090726041
617,441.864729040713,0,0,480,-10.8554707400778,60.4485731841541,-56.9844715690159,-30.7439018343475
618,390.435962660128,0,0,480,-29.5200215006407,34.9000000000029,-63.5579193698203,-31.3860964694136
619,343.045155446516,0,0,480,-39.1704497429503,2.12034464368037e-12,-65.8,-31.9843948105359
620,371.898555589097,0,0,480,22.8944350423013,-34.8999999999992,-63.5579193698208,-32.5379600833842
621,311.020034867866,0,0,480,-18.5009023020948,-60.448573184154,-56.984471569016,-33.0460180768693
622,328.617182433364,0,0,480,-1.54733313861457,-69.8,-46.5276262020743,-33.507858225947
623,370.357280663371,0,0,480,17.6286884529338,-60.4485731841545,-32.9000000000005,-33.922834605408
624,386.380434053328,0,0,480,-7.3989059456646,-34.9000000000001,-17.0302931677459,-34.2903668332619
625,445.335812660903,0,0,480,-0.054246456637806,-2.87283092267925e-12,-1.35409938905655e-12,-34.6099408824547
626,490.997526665507,0,0,480,-6.05165670245523,34.8999999999985,17.0302931677451,-34.8811097997817
627,538.550687019185,0,0,480,0.305608166023355,60.4485731841536,32.8999999999998,-35.1034943309921
628,566.24962521474,0,0,480,5.19878246387545,69.8,46.5276262020751,-35.2767834512101
629,539.808076753891,0,0,480,-22.2242331993478,60.4485731841548,56.9844715690156,-35.4007347999319
630,544.770039855867,0,0,480,1.78729550603378,34.9000000000007,63.5579193698206,-35.4751750199881
631,455.500341232131,0,0,480,-54.7996587678684,-3.4235343480628e-13,65.8,-35.5
632,435.56867681641,0,0,480,-37.6140675334247,-34.8999999999979,63.557919369821,-35.4751750199881
633,434.58336455758,0,0,480,-6.55179902735138,-60.4485731841532,56.9844715690163,-35.4007347999319
634,443.507675502645,0,0,480,22.0568327517804,-69.8,46.5276262020748,-35.2767834512101
635,385.618069978827,0,0,480,-31.7298625060275,-60.4485731841532,32.8999999999995,-35.1034943309921
636,422.534934639306,0,0,480,-4.71424872865796,-34.9000000000014,17.0302931677466,-34.8811097997817
637,457.555167816189,0,0,480,12.1651086986439,-4.10132844192594e-13,1.93314764669575e-13,-34.6099408824547
638,473.523852385287,0,0,480,9.94451238629626,34.8999999999972,-17.0302931677444,-34.2903668332619
639,461.331896164681,0,0,480,-12.293842414065,60.4485731841528,-32.8999999999992,-33.922834605408
640,467.850550461958,0,0,480,-1.91396511002059,69.8,-46.5276262020746,-33.5078582259471
641,429.193469983355,0,0,480,-21.2246135549135,60.4485731841536,-56.9844715690162,-33.0460180768693
642,427.826994355662,0,0,480,9.02287380886858,34.8999999999986,-63.5579193698209,-32.5379600833841
643,428.526549071989,0,0,480,46.3109438825234,1.16261912319147e-12,-65.8,-31.9843948105359
644,354.127372700045,0,0,480,3.97138853927887,-34.9,-63.5579193698207,-31.3860964694136
645,339.140866868567,0,0,480,7.31781345608355,-60.4485731841525,-56.9844715690167,-30.7439018343476
646,313.231408221911,0,0,480,-20.3822565034098,-69.8,-46.5276262020753,-30.0587090726041
647,350.742138846457,0,0,480,-6.57781148117084,-60.448573184154,-32.9000000000001,-29.3314764882178
648,384.63562252885,0,0,480,-14.8708631216886,-34.8999999999993,-17.0302931677455,-28.5632211817167
649,446.894431107156,0,0,480,-5.35055126522583,-1.91510540219034e-12,-9.02678620803183e-13,-27.7550176276151
650,516.112367389617,0,0,480,11.0900703935354,34.8999999999994,17.0302931677455,-26.9079961716636
651,518.965729307537,0,0,480,-28.3595024266551,60.4485731841521,32.8999999999986,-26.0233414499589
652,566.824645751542,0,0,480,-4.40068971840973,69.8,46.5276262020741,-25.1022907321225
653,565.188205512586,0,0,480,-8.09870704971681,60.4485731841544,56.9844715690158,-24.1461321908677
654,524.590784418572,0,0,480,-30.7109318508749,34.8999999999999,63.5579193698207,-23.1562031003733
655,531.380018834359,0,0,480,7.71390680034575,-1.30007895529519e-12,65.8,-22.133887965985
656,498.780329682352,0,0,480,11.2030269003887,-34.8999999999987,63.5579193698209,-21.0806165878594
657,427.335589044414,0,0,480,-29.2024472791922,-60.4485731841517,56.9844715690171,-19.9978620612587
658,430.9775289966,0,0,480,-6.86295848918054,-69.8,46.5276262020745,-18.8871387162945
659,433.457509083932,0,0,480,-1.24391773191391,-60.4485731841547,32.9000000000008,-17.75
660,428.413901873954,0,0,480,-17.1283549900982,-34.9000000000006,17.0302931677462,-16.5880363036937
661,437.091740110532,0,0,480,-27.5053871507929,-3.42007796018809e-12,1.61204247693679e-12,-15.4028727386735
662,508.929752189441,0,0,480,25.2562122205373,34.9000000000015,-17.0302931677467,-14.1961668633508
663,486.757652887042,0,0,480,-7.82131393210442,60.4485731841533,-32.8999999999996,-12.9696063650071
664,526.024330851936,0,0,480,34.4768637534181,69.8,-46.5276262020736,-11.7249066994085
665,486.231077939653,0,0,480,13.2307850161034,60.4485731841531,-56.9844715690164,-10.4638086915871
666,424.054446776184,0,0,480,-18.0995577528576,34.9000000000012,-63.5579193698205,-9.18807610113945
667,429.613026367598,0,0,480,23.3125195230471,2.04893602702561e-13,-65.8,-7.89949315544926
668,369.846964552039,0,0,480,-5.09525402385932,-34.8999999999974,-63.5579193698211,-6.59986205428357
669,356.665957229932,0,0,480,-0.609997567643611,-60.4485731841549,-56.9844715690155,-5.29100044925418
670,349.696249002636,0,0,480,-10.0013858936215,-69.8,-46.527626202075,-3.97473890166743
671,364.845010280902,0,0,480,-19.1534982126234,-60.4485731841555,-32.9000000000014,-2.65291832231808
672,454.63552471172,0,0,480,27.8932052762787,-34.9000000000019,-17.0302931677468,-1.32738739680971
673,486.959468418021,0,0,480,6.95946841802231,-9.57379881701435e-13,-4.51257852549817e-13,-3.47799690957848e-14
674,523.746706520809,0,0,480,-9.5109740437471,34.9000000000002,17.030293167746,1.32738739680951
675,548.349125877193,0,0,480,-27.6523656292764,60.4485731841526,32.899999999999,2.652918322318
676,596.346319108342,0,0,480,-3.9560459954016,69.8,46.5276262020757,3.97473890166749
677,593.821851148173,0,0,480,-8.90219405425152,60.4485731841539,56.984471569016,5.29100044925424
678,614.842911560756,0,0,480,29.7851301366493,34.9000000000025,63.5579193698203,6.59986205428338
679,527.379717901237,0,0,480,-26.319775254214,1.70986616070031e-12,65.8,7.89949315544907
680,505.235451443251,0,0,480,-12.6105440277098,-34.8999999999996,63.5579193698208,9.1880761011395
681,480.808421031758,0,0,480,-6.19128604469112,-60.4485731841541,56.9844715690159,10.4638086915871
682,458.069556944758,0,0,480,-10.382975956726,-69.8,46.5276262020755,11.7249066994083
683,496.350746509614,0,0,480,30.9297133287617,-60.4485731841562,32.900000000002,12.9696063650069
684,489.396934332142,0,0,480,13.0704743010448,-34.8999999999997,17.0302931677457,14.1961668633508
685,470.351242980696,0,0,480,-25.051629757976,-2.46235243969918e-12,1.16062170868343e-12,15.4028727386733
686,516.598541340877,0,0,480,2.14079820493014,34.8999999999989,-17.0302931677453,16.5880363036937
687,537.913500671741,0,0,480,12.6149274875869,60.4485731841538,-32.9,17.7500000000001
688,492.301584562039,0,0,480,-29.8579279521797,69.8,-46.5276262020752,18.8871387162944
689,516.113637896932,0,0,480,12.6516742205348,60.4485731841546,-56.9844715690157,19.9978620612585
690,487.365040033983,0,0,480,14.9423428159397,34.9000000000038,-63.5579193698202,21.0806165878592
691,461.711942599913,0,0,480,25.3780546339284,-7.52831917786344e-13,-65.8,22.1338879659851
692,374.404223325638,0,0,480,-30.2940604049163,-34.8999999999983,-63.5579193698209,23.1562031003733
693,357.64404752073,0,0,480,-29.0690399169681,-60.4485731841534,-56.9844715690163,24.1461321908676
694,391.4998317241,0,0,480,2.72516719405322,-69.8,-46.527626202076,25.1022907321223
695,426.18748813988,0,0,480,13.5127198740732,-60.448573184153,-32.8999999999994,26.0233414499588
696,457.404530938561,0,0,480,2.42682793464516,-34.900000000001,-17.0302931677464,26.9079961716636
697,531.797550014807,0,0,480,24.0425323871975,-3.96732499769693e-12,-1.86998556481703e-12,27.755017627615
698,553.381909039449,0,0,480,-7.11160531001505,34.900000000001,17.0302931677464,28.5632211817168
699,610.604381834146,0,0,480,7.92433216177619,60.448573184153,32.8999999999994,29.3314764882178
700,626.736275901116,0,0,480,0.349940626437604,69.8,46.5276262020747,30.0587090726041
701,624.457200469622,0,0,480,-3.71974611789656,60.4485731841554,56.9844715690153,30.7439018343475
702,635.094005283715,0,0,480,25.2499894444826,34.8999999999983,63.5579193698209,31.3860964694137
703,548.930969309078,0,0,480,-28.8534255014592,7.52140640211402e-13,65.8,31.9843948105359
704,505.635227155756,0,0,480,-35.5606522974524,-34.899999999997,63.5579193698211,32.5379600833841
705,489.882330537406,0,0,480,-19.699585924327,-60.4485731841527,56.9844715690166,33.0460180768692
706,467.579258420405,0,0,480,-22.656226007617,-69.8,46.5276262020752,33.507858225947
707,506.725962941234,0,0,480,20.3517015199803,-60.4485731841538,32.9,33.922834605408
708,484.004204876396,0,0,480,-12.4164551246103,-34.9000000000023,17.0302931677471,34.2903668332619
709,502.013878227917,0,0,480,-12.5960626545389,2.46304371727412e-12,-1.16094754009053e-12,34.6099408824548
710,536.219179069048,0,0,480,3.4683624370127,34.8999999999997,-17.0302931677457,34.8811097997817
711,513.748743201681,0,0,480,-28.9033243134649,60.4485731841523,-32.8999999999987,35.1034943309921
712,522.616854405057,0,0,480,-15.9323028440787,69.8,-46.5276262020742,35.2767834512101
713,506.394911220345,0,0,480,-12.4699251947249,60.4485731841541,-56.9844715690159,35.4007347999319
714,492.885106495087,0,0,480,6.06785084492013,34.8999999999996,-63.5579193698208,35.4751750199881
715,422.464331939763,0,0,480,-27.2356680602395,2.25711319820915e-12,-65.8,35.5
716,427.692609440916,0,0,480,10.6753537907512,-34.9000000000025,-63.5579193698203,35.4751750199881
717,384.977353619836,0,0,480,-12.9903364269264,-60.4485731841539,-56.984471569016,35.4007347999319
718,403.469640916718,0,0,480,4.5204836675835,-69.8,-46.5276262020757,35.2767834512101
719,426.918867011855,0,0,480,5.16394586501757,-60.4485731841545,-32.9000000000006,35.1034943309921
720,439.16273850518,0,0,480,-23.7880781268553,-34.9000000000002,-17.030293167746,34.8811097997817
721,630.600732628622,1,0,480,-45.3538534588816,9.58071159276377e-13,4.51583683956917e-13,34.6099408824547
722,538.894820003028,0,0,480,-27.3258399979777,34.8999999999984,17.030293167745,34.2903668332619
723,626.960033089786,0,0,480,19.6886253002286,60.4485731841515,32.8999999999981,33.922834605408
724,634.932031036508,0,0,480,5.09654660848626,69.8,46.527626202075,33.507858225947
725,631.039777848193,0,0,480,0.560715018152837,60.4485731841549,56.9844715690155,33.0460180768693
726,620.321985695444,0,0,480,9.32610624223853,34.9000000000009,63.5579193698206,32.5379600833842
727,573.957995912424,0,0,480,-3.82639889811211,-2.05584880277503e-13,65.8,31.9843948105359
728,547.719050619699,0,0,480,7.67503478046638,-34.9000000000012,63.5579193698205,31.3860964694136
729,502.5852303381,0,0,480,-4.69456988111099,-60.4485731841531,56.9844715690164,30.7439018343476
730,469.332816588039,0,0,480,-17.4535186866416,-69.8,46.5276262020762,30.0587090726042
731,498.804197172576,0,0,480,17.0212938685119,-60.4485731841533,32.8999999999996,29.3314764882178
732,476.805899570062,0,0,480,-13.8876147794001,-34.9000000000015,17.0302931677467,28.5632211817167
733,517.204104982312,0,0,480,9.449087354697,-5.4690139872137e-13,2.57780172176692e-13,27.7550176276151
734,527.077450633694,0,0,480,2.29974762977791,34.8999999999971,-17.0302931677444,26.9079961716637
735,547.898287742285,0,0,480,14.3263731081721,60.4485731841547,-32.9000000000008,26.0233414499588
736,529.840690106383,0,0,480,1.46602557633487,69.8,-46.5276262020745,25.1022907321225
737,515.518162094625,0,0,480,7.90792828861694,60.4485731841557,-56.9844715690152,24.1461321908677
738,464.573801532651,0,0,480,-9.92448219789991,34.8999999999987,-63.5579193698209,23.1562031003733
739,445.54174270731,0,0,480,9.20785474132334,1.29938767772024e-12,-65.8,22.133887965985
740,417.0120256896,0,0,480,14.3893284715616,-34.8999999999999,-63.5579193698207,21.0806165878594
741,342.318223289237,0,0,480,-40.2465940188525,-60.4485731841524,-56.9844715690167,19.9978620612587
742,360.115359772727,0,0,480,-22.4441527414933,-69.8,-46.5276262020741,18.8871387162945
743,398.183851464895,0,0,480,-6.21757535095103,-60.448573184154,-32.9000000000002,17.75
744,451.706628185382,0,0,480,7.04888504943876,-34.9000000000028,-17.0302931677473,16.5880363036937
745,524.769413727278,0,0,480,29.3665409886076,-2.05187395671912e-12,-9.671440283103e-13,15.4028727386735
746,549.86625086933,0,0,480,3.73979083823494,34.8999999999993,17.0302931677455,14.1961668633507
747,601.438890904681,0,0,480,15.1207113555197,60.448573184154,32.9000000000001,12.9696063650071
748,591.129623926695,0,0,480,-16.9229089747878,69.8,46.527626202074,11.7249066994085
749,598.558214733684,0,0,480,-9.33863871107182,60.4485731841525,56.9844715690167,10.4638086915871
750,594.554371280085,0,0,480,6.90837580912502,34.9,63.5579193698207,9.18807610113945
751,564.601128233165,0,0,480,10.9016350777126,2.80436023571799e-12,65.8,7.89949315544926
752,524.344524874414,0,0,480,9.08674345030803,-34.8999999999986,63.5579193698209,6.59986205428358
753,464.372968113685,0,0,480,-17.4539307204315,-60.4485731841536,56.9844715690162,5.29100044925419
754,454.8436308403,0,0,480,-5.85873426344214,-69.8,46.5276262020746,3.97473890166744
755,463.163596382506,0,0,480,8.05925124434195,-60.4485731841548,32.9000000000008,2.65291832231808
756,464.066293828087,0,0,480,0.608613263533462,-34.9000000000041,17.030293167748,1.32738739680971
757,494.050897062029,0,0,480,14.0508970620289,4.10824121767536e-13,-1.93640596076675e-13,3.91274652327579e-14
758,495.618981728497,0,0,480,-0.92333770694719,34.899999999998,-17.0302931677448,-1.32738739680951
759,503.788265838015,0,0,480,-1.10738902382069,60.4485731841532,-32.8999999999995,-2.652918322318
760,514.637330230684,0,0,480,15.339695334426,69.8,-46.5276262020748,-3.97473890166748
761,511.491592968534,0,0,480,33.3184918026512,60.4485731841532,-56.9844715690163,-5.29100044925424
762,417.646220918742,0,0,480,-27.0959976571554,34.9000000000013,-63.5579193698205,-6.59986205428338
763,419.078093668715,0,0,480,12.7775868241593,4.30933279371574e-12,-65.8,-7.89949315544906
764,368.286681023674,0,0,480,-4.06732350536562,-34.9000000000007,-63.5579193698206,-9.1880761011395
765,358.496068477258,0,0,480,6.39292192201441,-60.4485731841529,-56.9844715690165,-10.4638086915871
766,332.195393423166,0,0,480,-19.7520736753504,-69.8,-46.5276262020751,-11.7249066994083
767,412.130919097541,0,0,480,38.4490986467048,-60.4485731841556,-32.9000000000014,-12.9696063650069
768,403.29600290564,0,0,480,-10.5775370632655,-34.8999999999985,-17.0302931677451,-14.1961668633508
769,489.977845205002,0,0,480,25.3807179436765,-1.09414843623021e-12,-5.15723260056933e-13,-15.4028727386733
770,508.524462170054,0,0,480,-6.8177946939933,34.8999999999967,17.0302931677441,-16.5880363036937
771,557.53009512611,0,0,480,1.93152194195496,60.4485731841545,32.9000000000005,-17.7500000000001
772,572.222824328752,0,0,480,-5.21766315702737,69.8,46.5276262020743,-18.8871387162945
773,584.770976712646,0,0,480,7.335794020735,60.448573184154,56.984471569016,-19.9978620612585
774,590.244717009785,0,0,480,32.8674142278213,34.9000000000026,63.5579193698203,-21.0806165878592
775,503.623597029106,0,0,480,-20.0425150049069,-2.12103592125532e-12,65.8,-22.1338879659851
776,478.792873769776,0,0,480,-6.70884249967186,-34.8999999999994,63.5579193698208,-23.1562031003733
777,453.987147811285,0,0,480,1.59738161728793,-60.4485731841521,56.9844715690169,-24.1461321908675
778,401.89470717362,0,0,480,-29.7306282963334,-69.8,46.5276262020756,-25.1022907321223
779,422.078105574416,0,0,480,-4.34997979147096,-60.4485731841543,32.9000000000004,-26.0233414499588
780,445.812884025589,0,0,480,10.5905870295065,-34.8999999999998,17.0302931677458,-26.9079961716636
781,461.480700398714,0,0,480,9.23571802633087,-2.59912099422796e-12,1.22508711619054e-12,-27.755017627615
782,455.722278249243,0,0,480,-13.5842074012953,34.9000000000022,-17.030293167747,-28.5632211817168
783,491.622681541668,0,0,480,13.4055848457321,60.4485731841537,-32.8999999999999,-29.3314764882178
784,448.108350195508,0,0,480,-25.1053145298139,69.8,-46.5276262020738,-30.058709072604
785,444.544440425238,0,0,480,-8.17575935555367,60.4485731841547,-56.9844715690156,-30.7439018343475
786,406.381796987035,0,0,480,-13.5741871737314,34.9000000000005,-63.5579193698206,-31.3860964694137
787,374.367744846949,0,0,480,-7.84786034251478,-6.16063363257568e-13,-65.8,-31.9843948105359
788,339.65050533289,0,0,480,-9.35361521390686,-34.8999999999981,-63.557919369821,-32.5379600833841
789,362.469681472071,0,0,480,32.9487443021088,-60.4485731841514,-56.9844715690172,-33.0460180768692
790,273.920568648035,0,0,480,-56.2439469239429,-69.8,-46.5276262020747,-33.507858225947
791,350.028530687248,0,0,480,-2.70006152318751,-60.4485731841551,-32.900000000001,-33.922834605408
792,387.505222658606,0,0,480,-6.27411734038462,-34.9000000000012,-17.0302931677465,-34.2903668332619
793,467.290348016504,0,0,480,21.900288898959,-1.36422915741305e-13,-6.43024918035666e-14,-34.6099408824548
794,508.093733368741,0,0,480,11.0445500007756,34.9000000000009,17.0302931677463,-34.8811097997817
795,560.771611270054,0,0,480,22.5265324168935,60.448573184153,32.8999999999993,-35.1034943309921
796,551.711348338392,0,0,480,-9.33949441247153,69.8,46.5276262020733,-35.2767834512101
797,534.401525479321,0,0,480,-27.6307844739166,60.4485731841535,56.9844715690162,-35.4007347999319
798,494.567215205966,0,0,480,-48.4155291438676,34.9000000000018,63.5579193698204,-35.4751750199881
799,494.454005960824,0,0,480,-15.8459940391765,8.88909194740179e-13,65.8,-35.5
800,468.583019025508,0,0,480,-4.59972532432854,-34.8999999999968,63.5579193698211,-35.4751750199882
801,426.866114312968,0,0,480,-14.269049271961,-60.4485731841546,56.9844715690157,-35.4007347999319
802,424.425041397715,0,0,480,2.97419864684955,-69.8,46.5276262020752,-35.2767834512101
803,415.436673453121,0,0,480,-1.91125903173305,-60.4485731841558,32.9000000000016,-35.1034943309921
804,431.272838403415,0,0,480,4.02365503545049,-34.899999999999,17.0302931677454,-34.8811097997817
805,427.407429120844,0,0,480,-17.9826299967003,-1.64139547373905e-12,7.73666347937175e-13,-34.6099408824547
806,491.185257784387,0,0,480,27.605917785395,34.8999999999996,-17.0302931677457,-34.2903668332619
807,446.274793775703,0,0,480,-27.3509448030421,60.4485731841522,-32.8999999999987,-33.922834605408
808,492.38142729957,0,0,480,22.6169117275921,69.8,-46.5276262020755,-33.507858225947
809,479.534688816708,0,0,480,29.1166052784393,60.4485731841542,-56.9844715690159,-33.0460180768693
810,443.24636895522,0,0,480,24.442248408421,34.9000000000031,-63.5579193698203,-32.5379600833842
811,378.758247739133,0,0,480,-3.45735745033393,2.39388175273793e-12,-65.8,-31.9843948105359
812,334.29351981365,0,0,480,-15.8624643471168,-34.899999999999,-63.5579193698208,-31.3860964694136
813,331.242262352166,0,0,480,-0.580791060316147,-60.4485731841538,-56.9844715690161,-30.7439018343476
814,313.641781814178,0,0,480,-19.9718829111419,-69.8,-46.5276262020758,-30.0587090726042
815,344.939913196861,0,0,480,-12.3800371307696,-60.4485731841526,-32.899999999999,-29.3314764882178
816,393.496406676487,0,0,480,-6.0100789740503,-34.9000000000003,-17.030293167746,-28.5632211817167
817,436.015942607936,0,0,480,-16.2290397644438,-3.1463680317368e-12,-1.48303020407078e-12,-27.7550176276151
818,528.687042631557,0,0,480,23.6647456354773,34.8999999999983,17.030293167745,-26.9079961716637
819,549.792380915587,0,0,480,2.46714918139279,60.4485731841534,32.8999999999997,-26.0233414499588
820,563.971832882116,0,0,480,-7.25350258783663,69.8,46.527626202075,-25.1022907321225
821,553.45216493784,0,0,480,-19.8347476244624,60.448573184155,56.9844715690155,-24.1461321908677
822,551.946692085064,0,0,480,-3.35502418438756,34.9000000000044,63.5579193698201,-23.1562031003734
823,513.578552008342,0,0,480,-10.0875600256728,-6.88163257487269e-14,65.8,-22.133887965985
824,508.713982067482,0,0,480,21.1366792855182,-34.8999999999977,63.557919369821,-21.0806165878593
825,447.649314223622,0,0,480,-8.88872209998219,-60.4485731841531,56.9844715690164,-19.9978620612587
826,456.89737913679,0,0,480,19.0568916510094,-69.8,46.5276262020749,-18.8871387162945
827,430.772198402722,0,0,480,-3.92922841312432,-60.4485731841534,32.8999999999996,-17.75
828,422.64546963786,0,0,480,-22.8967872261913,-34.9000000000016,17.0302931677467,-16.5880363036937
829,473.09646725089,0,0,480,8.49933998956628,-4.65134058973455e-12,2.19239406020439e-12,-15.4028727386735
830,469.172550676112,0,0,480,-14.5009892927915,34.9000000000004,-17.0302931677461,-14.1961668633507
831,470.064008475451,0,0,480,-24.514958343695,60.4485731841527,-32.8999999999991,-12.9696063650071
832,499.520938476843,0,0,480,7.9734713783259,69.8,-46.5276262020745,-11.7249066994085
833,449.766508272058,0,0,480,-23.2337846514929,60.4485731841538,-56.9844715690161,-10.4638086915871
834,441.519685394202,0,0,480,-0.634319134836448,34.8999999999988,-63.5579193698209,-9.18807610113946
835,397.633078738049,0,0,480,-8.66742810650304,1.43615623224902e-12,-65.8,-7.89949315544926
836,379.919559273601,0,0,480,4.97734069770226,-34.8999999999964,-63.5579193698212,-6.59986205428358
837,358.773773732943,0,0,480,1.49781893536695,-60.4485731841543,-56.9844715690158,-5.29100044925419
838,355.919418257721,0,0,480,-3.77821663853661,-69.8,-46.5276262020754,-3.97473890166744
839,407.132914774127,0,0,480,23.1344062805992,-60.4485731841541,-32.9000000000002,-2.65291832231808
840,452.825415380257,0,0,480,26.0830959448171,-34.9000000000029,-17.0302931677474,-1.32738739680972
841,508.263311591377,0,0,480,28.263311591374,1.77902812523651e-12,8.38539044703167e-13,-4.3474961369731e-14
842,534.864035471642,0,0,480,1.60635490708824,34.8999999999991,17.0302931677454,1.32738739680951
843,570.344154456088,0,0,480,-5.65733705038046,60.4485731841519,32.8999999999985,2.652918322318
844,544.152850576838,0,0,480,-56.1495145269046,69.8,46.5276262020753,3.97473890166748
845,584.974013086044,0,0,480,-17.7500321163802,60.4485731841545,56.9844715690157,5.29100044925423
846,544.685993703361,0,0,480,-40.371787720743,34.9000000000002,63.5579193698207,6.59986205428337
847,540.193380933332,0,0,480,-13.50611222212,2.94112879024677e-12,65.8,7.89949315544906
848,528.541970677273,0,0,480,10.6959752063149,-34.9000000000019,63.5579193698204,9.1880761011395
849,457.950264663694,0,0,480,-29.0494424127561,-60.4485731841535,56.9844715690162,10.4638086915871
850,444.003485586419,0,0,480,-24.4490473150652,-69.8,46.5276262020759,11.7249066994084
851,449.377168625667,0,0,480,-16.0438645551859,-60.4485731841549,32.9000000000009,12.9696063650069
852,447.625924872047,0,0,480,-28.7005351590494,-34.9000000000008,17.0302931677463,14.1961668633508
853,497.298974634944,0,0,480,1.89610189627032,2.74055567238759e-13,-1.29175188569558e-13,15.4028727386733
854,493.743732013785,0,0,480,-20.7140111221615,34.8999999999978,-17.0302931677447,16.5880363036937
855,514.290491815613,0,0,480,-11.0080813685412,60.4485731841551,-32.9000000000011,17.75
856,511.712885401144,0,0,480,-10.4466271130758,69.8,-46.5276262020748,18.8871387162945
857,519.782371626824,0,0,480,16.3204079504253,60.4485731841553,-56.9844715690154,19.9978620612586
858,473.322607479577,0,0,480,0.899910261536807,34.9000000000015,-63.5579193698205,21.0806165878592
859,449.586131269563,0,0,480,13.2522433035771,4.78430711760114e-13,-65.8,22.1338879659851
860,396.118401691251,0,0,480,-8.57988203930114,-34.9000000000006,-63.5579193698206,23.1562031003732
861,394.123978326251,0,0,480,7.41089088855287,-60.4485731841528,-56.9844715690165,24.1461321908676
862,372.983566767893,0,0,480,-15.7910977621528,-69.8,-46.5276262020764,25.1022907321223
863,395.516000953428,0,0,480,-17.1587673123778,-60.4485731841536,-32.8999999999999,26.0233414499588
864,468.658682528881,0,0,480,13.6809795249667,-34.9000000000021,-17.030293167747,26.9079961716635
865,500.050781934707,0,0,480,-7.70423569290627,-1.23091699075899e-12,-5.8018866756405e-13,27.755017627615
866,583.518390395479,0,0,480,23.0248760460161,34.9,17.0302931677458,28.5632211817168
867,614.755342342152,0,0,480,12.0752926697798,60.4485731841544,32.9000000000005,29.3314764882178
868,606.711569908841,0,0,480,-19.6747653658375,69.8,46.5276262020743,30.0587090726041
869,622.67002639507,0,0,480,-5.50692019244837,60.448573184156,56.984471569015,30.7439018343475
870,613.332441699986,0,0,480,3.48842586075213,34.8999999999993,63.5579193698208,31.3860964694137
871,590.549620315807,0,0,480,12.7652255052696,1.98340326975786e-12,65.8,31.9843948105358
872,567.851589961652,0,0,480,26.6557105084462,-34.8999999999993,63.5579193698208,32.5379600833842
873,485.275790540482,0,0,480,-24.306125921252,-60.448573184152,56.9844715690169,33.0460180768692
874,509.584823119759,0,0,480,19.3493386917379,-69.8,46.5276262020743,33.507858225947
875,467.133738051189,0,0,480,-19.2405233700651,-60.4485731841544,32.9000000000005,33.9228346054079
876,514.777099747033,0,0,480,18.3564397460267,-34.9000000000034,17.0302931677477,34.2903668332619
877,506.803110691679,0,0,480,-7.80683019077608,1.23178108772766e-12,-5.80595956822925e-13,34.6099408824548
878,508.860092892531,0,0,480,-23.8907237395044,34.8999999999987,-17.0302931677452,34.8811097997817
879,497.06969649296,0,0,480,-45.5823710221856,60.4485731841536,-32.8999999999999,35.1034943309921
880,532.811327487827,0,0,480,-5.73782976130893,69.8,-46.5276262020738,35.2767834512101
881,478.893618798398,0,0,480,-39.9712176166703,60.4485731841528,-56.9844715690165,35.4007347999319
882,477.216135103642,0,0,480,-9.601120546526,34.9000000000006,-63.5579193698206,35.4751750199881
883,443.096607298273,0,0,480,-6.60339270173033,3.48837582775561e-12,-65.8,35.5
884,405.711558611404,0,0,480,-11.305697038765,-34.899999999998,-63.557919369821,35.4751750199882
885,407.315766812212,0,0,480,9.34807676545012,-60.4485731841533,-56.9844715690163,35.4007347999319
886,390.601160677922,0,0,480,-8.34799657121291,-69.8,-46.5276262020748,35.2767834512101
887,438.599244158155,0,0,480,16.844323011319,-60.4485731841551,-32.9000000000011,35.1034943309921
888,471.699346686634,0,0,480,8.74853005459472,-34.8999999999978,-17.0302931677447,34.8811097997817
889,563.364572113685,0,0,480,48.7546312312308,-2.73191470270082e-13,-1.28767899310683e-13,34.6099408824547
890,581.35071389238,0,0,480,15.1300538913757,34.8999999999974,17.0302931677445,34.290366833262
891,604.137691408336,0,0,480,-3.13371638122372,60.4485731841529,32.8999999999992,33.922834605408
892,784.194227937226,1,0,480,-6.98590169584283,69.8,46.5276262020746,33.507858225947
893,643.816249165524,0,0,480,13.3371863354847,60.4485731841535,56.9844715690162,33.0460180768693
894,631.186025014105,0,0,480,20.190145560899,34.9000000000019,63.5579193698204,32.5379600833841
895,564.0506964903,0,0,480,-13.7336983202407,4.99334838575335e-12,65.8,31.9843948105359
896,539.450934886423,0,0,480,-0.593080952810963,-34.9000000000002,63.5579193698207,31.3860964694136
897,452.024951909717,0,0,480,-55.2548483094951,-60.4485731841525,56.9844715690167,30.7439018343476
898,471.101437728943,0,0,480,-15.6848975457361,-69.8,46.5276262020753,30.0587090726041
899,486.721320018603,0,0,480,4.93841671453897,-60.4485731841539,32.9000000000001,29.3314764882178
900,492.367480776645,0,0,480,1.67396642718169,-34.8999999999991,17.0302931677454,28.5632211817167
901,495.688910090432,0,0,480,-12.066107537182,-1.77816402826783e-12,8.38131755444292e-13,27.7550176276152
902,530.258431120998,0,0,480,5.480728117082,34.8999999999961,-17.0302931677438,26.9079961716636
903,541.103295162836,0,0,480,7.53138052872369,60.4485731841541,-32.9000000000002,26.0233414499588
904,537.931584688468,0,0,480,9.55692015841966,69.8,-46.5276262020741,25.1022907321225
905,527.447965184527,0,0,480,19.8377313785213,60.4485731841543,-56.9844715690158,24.1461321908676
906,475.56258672269,0,0,480,1.06430299213374,34.9000000000032,-63.5579193698202,23.1562031003734
907,432.475033095032,0,0,480,-3.85885487095191,-1.4370203292177e-12,-65.8,22.133887965985
908,414.697157789023,0,0,480,12.0744605709838,-34.8999999999988,-63.5579193698209,21.0806165878594
909,398.588771710368,0,0,480,16.0239544022782,-60.4485731841518,-56.984471569017,19.9978620612586
910,375.468803153887,0,0,480,-7.09070936033299,-69.8,-46.5276262020745,18.8871387162944
911,406.758549388024,0,0,480,2.35712257217959,-60.4485731841547,-32.9000000000007,17.75
912,447.214578846151,0,0,480,2.55683571020407,-34.9000000000004,-17.0302931677461,16.5880363036938
913,495.023793125122,0,0,480,-0.379079613546524,-3.28313658626558e-12,-1.5474956115779e-12,15.4028727386734
914,545.925625939412,0,0,480,-0.200834091687507,34.9000000000016,17.0302931677467,14.1961668633507
915,598.640596218003,0,0,480,12.322416668843,60.4485731841534,32.8999999999996,12.9696063650071
916,590.664374006712,0,0,480,-17.3881588947698,69.8,46.5276262020736,11.7249066994086
917,631.013779563563,0,0,480,23.1169261188053,60.448573184155,56.9844715690155,10.4638086915872
918,574.662291945148,0,0,480,-12.9837035258136,34.9000000000011,63.5579193698205,9.18807610113946
919,544.635668290535,0,0,480,-9.0638248649143,6.79522287800495e-14,65.8,7.89949315544927
920,523.159833566254,0,0,480,7.90205214214742,-34.8999999999975,63.557919369821,6.59986205428346
921,493.550001999397,0,0,480,11.7231031652828,-60.448573184155,56.9844715690155,5.29100044925407
922,454.158707800766,0,0,480,-6.54365730297646,-69.8,46.527626202075,3.97473890166745
923,441.652119452092,0,0,480,-13.4522256860719,-60.4485731841554,32.9000000000013,2.65291832231821
924,466.674687441861,0,0,480,3.21700687730601,-34.9000000000017,17.0302931677468,1.3273873968096
925,471.937149242843,0,0,480,-8.06285075715659,-8.20438507778923e-13,3.86710987190925e-13,-7.82988780907136e-14
926,498.423039569875,0,0,480,1.88072013443069,34.9000000000003,-17.030293167746,-1.3273873968095
927,509.325585055677,0,0,480,4.42993019384144,60.4485731841526,-32.899999999999,-2.65291832231787
928,464.231706043418,0,0,480,-35.0659288528419,69.8,-46.5276262020731,-3.97473890166735
929,509.419041533625,0,0,480,31.2459403677418,60.4485731841538,-56.9844715690161,-5.29100044925423
930,433.57885044947,0,0,480,-11.1633681264289,34.9000000000024,-63.5579193698203,-6.59986205428337
931,395.278637441852,0,0,480,-11.0218694027003,1.5729247867778e-12,-65.8,-7.89949315544918
932,361.288374047068,0,0,480,-11.0656304819723,-34.8999999999997,-63.5579193698207,-9.18807610113961
933,346.690537144276,0,0,480,-5.4126094109668,-60.4485731841542,-56.9844715690159,-10.4638086915871
934,327.338287609924,0,0,480,-24.6091794885923,-69.8,-46.5276262020755,-11.7249066994083
935,376.793409145578,0,0,480,3.11158869474348,-60.4485731841562,-32.9000000000019,-12.969606365007
936,423.353579554414,0,0,480,9.48003958551027,-34.8999999999996,-17.0302931677457,-14.1961668633509
937,477.075680106038,0,0,480,12.4785528447142,-2.32541106577667e-12,-1.09607484332453e-12,-15.4028727386733
938,544.317361732322,0,0,480,28.9751048682716,34.899999999999,17.0302931677454,-16.5880363036935
939,569.867035960424,0,0,480,14.2684627762738,60.4485731841519,32.8999999999984,-17.7499999999999
940,580.702724293756,0,0,480,3.26223680797522,69.8,46.5276262020752,-18.8871387162945
941,568.959202179739,0,0,480,-8.47598051217237,60.4485731841546,56.9844715690157,-19.9978620612585
942,561.930271413609,0,0,480,4.55296863164416,34.9000000000037,63.5579193698202,-21.0806165878591
943,520.917540078943,0,0,480,-2.74857195507044,-8.89773291708856e-13,65.8,-22.1338879659851
944,459.313046424414,0,0,480,-26.1886698450354,-34.8999999999984,63.5579193698209,-23.1562031003733
945,479.624680672087,0,0,480,27.2349144780913,-60.4485731841535,56.9844715690162,-24.1461321908675
946,416.697295389047,0,0,480,-14.9280400809069,-69.8,46.527626202076,-25.1022907321224
947,431.876068171119,0,0,480,5.44798280523135,-60.448573184153,32.8999999999993,-26.0233414499589
948,439.017047474432,0,0,480,3.79475047835031,-34.9000000000009,17.0302931677463,-26.9079961716636
949,453.313141063117,0,0,480,1.06815869073399,-3.83038362377442e-12,1.80543869945814e-12,-27.7550176276149
950,468.975309796577,0,0,480,-0.331175853959622,34.8999999999977,-17.0302931677447,-28.5632211817167
951,456.099081320541,0,0,480,-22.118015375395,60.4485731841531,-32.8999999999994,-29.3314764882179
952,471.242302130148,0,0,480,-1.9713625951729,69.8,-46.5276262020747,-30.058709072604
953,449.295259703399,0,0,480,-3.42494007739321,60.4485731841553,-56.9844715690153,-30.7439018343475
954,435.569794924697,0,0,480,15.6138107639331,34.8999999999981,-63.557919369821,-31.3860964694137
955,381.901892128403,0,0,480,-0.313713061062158,6.15199266288891e-13,-65.8,-31.9843948105359
956,340.373834371152,0,0,480,-8.63028617564546,-34.8999999999971,-63.5579193698211,-32.5379600833841
957,345.114432930653,0,0,480,15.5934957606918,-60.4485731841527,-56.9844715690166,-33.0460180768692
958,308.083861070099,0,0,480,-22.0806545018789,-69.8,-46.5276262020752,-33.5078582259471
959,350.518019057675,0,0,480,-2.21057315276355,-60.4485731841537,-32.8999999999999,-33.922834605408
960,418.293541536485,0,1,480,24.5142015374966,-34.9000000000022,-17.030293167747,-34.2903668332619
961,371.939129752555,0,0,482,28.378893282405,-2.13414247270887e-11,-1.0059210222367e-11,-138.439763529819
962,576.111428673962,0,0,484,23.9146952021061,139.599999999999,68.1211726709832,-139.524439199127
963,599.664686274991,0,0,486,-119.315629137645,241.794292736609,131.599999999995,-140.413977323968
964,887.08464699453,0,0,488,74.8812759910738,279.2,186.110504808297,-141.10713380484
965,933.265478299354,0,0,490,115.136238486401,241.794292736616,227.937886276064,-141.602939199728
966,617.99725601271,0,0,492,-125.933721386618,139.599999999998,254.231677479283,-141.900700079953
967,569.447451840151,0,0,494,-45.752548159858,8.48068729714655e-12,263.2,-142
968,496.858487075863,0,0,496,28.1275096765131,-139.599999999983,254.231677479285,-141.900700079953
969,220.029007151808,0,0,498,-122.511647187913,-241.794292736616,227.937886276064,-141.602939199728
970,206.656706793321,0,0,500,-59.1466642101416,-279.2,186.110504808303,-141.10713380484
971,268.450092631274,0,0,502,17.0583626918581,-241.794292736618,131.600000000002,-140.413977323968
972,324.630331131102,0,0,504,31.6335976592453,-139.6,68.1211726709836,-139.524439199127
973,245.902622952861,0,0,506,-121.657613517322,4.38005013279555e-12,-2.06452219726323e-12,-138.439763529819
974,492.898996257268,0,0,508,50.5816362613023,139.599999999994,-68.1211726709804,-137.161467333048
975,514.428370179835,0,0,510,29.9254158648533,241.794292736606,-131.599999999993,-135.691338421632
976,470.622376933514,0,0,512,-0.435685354397853,279.2,-186.1105048083,-134.031432903788
977,302.119754226213,0,0,514,-93.5525799268668,241.794292736619,-227.937886276062,-132.184072307477
978,268.183070959755,0,0,516,-3.03341122742863,139.600000000003,-254.231677479282,-130.151840333537
979,109.371570252709,0,0,518,-17.490850505162,1.45005775291375e-11,-263.2,-127.937579242144
980,109.778095390293,0,0,520,109.154158747223,-139.599999999992,-254.231677479284,-125.544385877654
981,-121.692987752826,0,0,522,-50.9852014027573,-241.794292736613,-227.937886276065,-122.97560733739
982,-124.694393166191,0,0,524,-63.1490520674755,-279.2,-186.110504808299,-120.234836290417
983,-38.6176464227782,0,0,526,-73.8974477332958,-241.794292736613,-131.599999999998,-117.325905952871
984,189.994140476969,0,0,528,-16.0318021251931,-139.599999999992,-68.1211726709792,-114.252884726867
985,235.07593490739,0,0,530,-183.903994582124,-1.7510522645133e-11,-8.25352714935353e-12,-111.02007051046
986,575.778678228166,0,0,532,-56.3105097561456,139.599999999989,68.1211726709777,-107.631984686655
987,810.267147458744,0,0,534,6.96622052197181,241.794292736611,131.599999999997,-104.093365799836
988,1001.47877039023,0,0,536,100.577428510417,279.2,186.110504808298,-100.40916292849
989,1067.4098661571,0,0,538,156.262215907892,241.794292736614,227.937886276065,-96.5845287634708
990,842.068924214925,0,0,540,0.86205913711752,139.600000000022,254.23167747928,-92.6248124014939
991,855.159762908848,0,0,542,138.495314772799,-1.12208973307467e-11,263.2,-88.5355518639405
992,443.167253670566,0,0,544,-131.141957457295,-139.599999999986,254.231677479285,-84.3224663514372
993,507.553195476551,0,0,546,55.4010501821285,-241.79429273661,227.937886276067,-79.9914482450348
994,364.457635800519,0,0,548,-14.9043141426045,-279.2,186.110504808301,-75.5485548651779
995,571.312068586468,0,0,550,202.506361323083,-241.794292736616,131.600000000001,-70.9999999999997
996,334.956598998069,0,0,552,-79.2124284581405,-139.599999999997,68.1211726709819,-66.3521452147749
997,525.419158840203,0,0,554,33.0306497949089,-2.3530412877124e-11,1.1090982573888e-11,-61.6114909546939
998,545.007886654718,0,0,556,-25.6862732209008,139.600000000011,-68.1211726709894,-56.7846674534034
999,624.165046625327,0,0,558,7.84917934874055,241.794292736608,-131.599999999994,-51.8784254600279
1000,620.737961923775,0,0,560,14.548093529705,279.2,-186.110504808296,-46.899626797634
1001,721.75658311298,0,0,562,187.755411418775,241.794292736617,-227.937886276063,-41.8552347663492
1002,344.125740695271,0,0,564,-68.4902774208875,139.6,-254.231677479283,-36.7523044045583
1003,285.85265303165,0,0,566,14.6506256534519,-5.20100709875568e-12,-263.2,-31.5979726217966
1004,37.8674776603176,0,0,568,-109.901396643281,-139.599999999981,-254.231677479285,-26.3994482171344
1005,119.233525142318,0,0,570,40.1297059520187,-241.794292736623,-227.937886276061,-21.1640017970168
1006,117.791732727058,0,0,572,27.001193142031,-279.2,-186.110504808303,-15.8989556066693
1007,186.401156524157,0,0,574,-3.59287744994915,-241.794292736619,-131.600000000003,-10.6116732892724
1008,328.750908652062,0,0,576,-34.2183690897127,-139.600000000002,-68.1211726709846,-5.30954958723891
1009,584.50023222192,0,0,578,6.50023222191728,2.19106198276019e-12,1.03274984574227e-12,-2.08679814574709e-13
1010,822.019238793928,0,0,580,28.988516535697,139.600000000006,68.1211726709866,5.30954958723849
1011,1006.18342507132,0,0,582,40.1774590454477,241.794292736605,131.599999999992,10.611673289272
1012,980.704134825122,0,0,584,-84.5053255898411,279.2,186.110504808294,15.8989556066689
1013,1015.69947606448,0,0,586,-61.1967047452195,241.79429273662,227.937886276062,21.1640017970164
1014,923.011029619129,0,0,588,-85.2200960772918,139.600000000005,254.231677479282,26.399448217134
1015,826.56234089405,0,0,590,-58.235631727747,8.18883133235304e-13,263.2,31.5979726217962
1016,683.784772512913,0,0,592,-59.5992093709238,-139.600000000003,254.231677479282,36.752304404558
1017,608.636321751684,0,0,594,-13.3625065541063,-241.79429273662,227.937886276062,41.8552347663479
1018,611.792665573382,0,0,596,61.9825339674428,-279.2,186.110504808305,46.8996267976337
1019,374.029151551157,0,0,598,-165.654981172254,-241.794292736622,131.600000000005,51.8784254600275
1020,605.357604385408,0,0,600,20.0517642610254,-139.600000000007,68.1211726709874,56.7846674534031
1021,647.472821101376,0,0,602,-16.1386698533159,-3.8288282492308e-12,1.80470557879217e-12,61.6114909546935
1022,611.737900540631,0,0,604,-130.09307200316,139.600000000001,-68.1211726709839,66.3521452147746
1023,818.227089237966,0,0,606,31.0327965013536,241.794292736602,-131.599999999989,70.9999999999993
1024,765.516396487386,0,0,608,-11.1216535694885,279.2,-186.110504808303,75.5485548651775
1025,811.928162901866,0,0,610,108.080308196268,241.794292736623,-227.93788627606,79.9914482450344
1026,608.614485745657,0,0,612,26.9236968734911,139.60000000001,-254.231677479281,84.3224663514369
1027,373.638040523326,0,0,614,-65.6975113406208,6.83877336522629e-12,-263.2,88.5355518639402
1028,283.925093055663,0,0,616,-30.8680418665484,-139.599999999998,-254.231677479283,92.6248124014928
1029,144.848964322336,0,0,618,-100.003385428454,-241.794292736617,-227.937886276064,96.5845287634705
1030,214.33629934181,0,0,620,-40.7623587783717,-279.2,-186.110504808307,100.409162928489
1031,270.732455876984,0,0,622,-81.9666171862472,-241.794292736609,-131.599999999995,104.093365799835
1032,636.271001157896,0,0,624,112.360189142245,-139.600000000013,-68.1211726709901,107.631984686655
1033,840.535813221888,0,0,626,103.515742711443,-9.84871848122179e-12,-4.6421610033266e-12,111.02007051046
1034,917.221027785023,0,0,628,-32.7530296128206,139.599999999996,68.1211726709812,114.252884726866
1035,1146.93031028256,0,0,630,26.2101115930783,241.794292736615,131.6,117.325905952871
1036,1348.95013871133,0,0,632,131.404797612609,279.2,186.110504808301,120.234836290416
1037,1327.51814978957,0,0,634,100.810363439496,241.794292736626,227.937886276059,122.97560733739
1038,1108.85503189261,0,0,636,-46.5210314643141,139.599999999988,254.231677479284,125.544385877655
1039,1165.8449403693,0,0,638,136.707361127144,1.28586635972173e-11,263.2,127.937579242143
1040,853.257361588245,0,0,640,-31.5261562245822,-139.599999999993,254.231677479284,130.151840333537
1041,822.901428641781,0,0,642,62.5737627948532,-241.794292736614,227.937886276065,132.184072307477
1042,612.549432355143,0,0,644,-72.3925053569442,-279.2,186.110504808299,134.031432903788
1043,669.910559732557,0,0,646,-1.58648595246023,-241.794292736612,131.599999999997,135.691338421632
1044,654.387680324763,0,0,648,-59.2949596792598,-139.600000000018,68.1211726709929,137.161467333048
1045,867.818455732065,0,0,650,79.3786922022549,-1.58686087132128e-11,7.47961642786103e-12,138.439763529819
1046,880.826544235544,0,0,652,17.8232777074053,139.59999999999,-68.1211726709784,139.524439199127
1047,883.298035140358,0,0,654,-21.3102349202249,241.794292736612,-131.599999999997,140.413977323968
1048,960.74413121838,0,0,656,70.5475022218381,279.2,-186.110504808299,141.10713380484
1049,793.446409081712,0,0,658,-20.0129365785644,241.794292736614,-227.937886276065,141.602939199728
1050,741.653960048506,0,0,660,54.3849374478441,139.599999999993,-254.231677479284,141.900700079953
1051,616.352891456116,0,0,662,75.5528914560967,1.88785538292083e-11,-263.2,142
1052,526.941557883381,0,0,664,114.872535282701,-139.599999999988,-254.231677479284,141.900700079953
1053,406.286839837405,0,0,666,68.4160796503542,-241.794292736611,-227.937886276066,141.602939199728
1054,417.682155949289,0,0,668,73.8855269527495,-279.2,-186.110504808301,141.107133804841
1055,371.299306462185,0,0,670,-65.7203781251685,-241.794292736615,-131.6,140.413977323968
1056,599.910616244665,0,0,672,-3.89265028344326,-139.600000000023,-68.1211726709956,139.524439199127
1057,823.774850434177,0,0,674,11.3350869043433,9.85286614667144e-12,4.6441159917692e-12,138.439763529819
1058,1041.35717986903,0,0,676,20.4745398650178,139.599999999985,68.1211726709757,137.161467333048
1059,1283.76565038324,0,0,678,96.6800192250074,241.794292736609,131.599999999995,135.691338421632
1060,1267.14991894441,0,0,680,-12.1920187676701,279.2,186.110504808297,134.031432903788
1061,1249.8005757104,0,0,682,-34.1156756097616,241.794292736617,227.937886276064,132.184072307477
1062,1234.28230236663,0,0,684,26.2987845538101,139.599999999998,254.231677479283,130.151840333537
1063,1139.3119061359,0,0,686,62.1743268937341,2.48984440611993e-11,263.2,127.937579242144
1064,922.643816755186,0,0,688,-5.53224660174003,-139.60000000001,254.231677479281,125.544385877655
1065,782.960657460893,0,0,690,-16.158543415958,-241.794292736608,227.937886276068,122.975607337391
1066,735.375953418113,0,0,692,16.230612319394,-279.2,186.110504808303,120.234836290416
1067,680.843811592338,0,0,694,-20.2878016239181,-241.794292736618,131.600000000002,117.325905952872
1068,622.217400503864,0,0,696,-116.556656893986,-139.600000000001,68.1211726709839,114.252884726867
1069,780.075156688614,0,0,698,-28.9449138218482,3.83297591468045e-12,-1.80666056723477e-12,111.020070510461
1070,864.224763084395,0,0,700,-14.8860489312665,139.59999999998,-68.1211726709729,107.631984686655
1071,925.532468738141,0,0,702,9.24481020168887,241.794292736622,-131.600000000005,104.093365799835
1072,873.500027341454,0,0,704,-23.9986307787408,279.2,-186.110504808295,100.40916292849
1073,869.588998056436,0,0,706,53.1480628324079,241.79429273662,-227.937886276062,96.5845287634705
1074,716.226340270684,0,0,708,30.2332053484689,139.600000000003,-254.231677479282,92.6248124014935
1075,541.150844187811,0,0,710,5.81529232387187,-8.23030798684955e-13,-263.2,88.5355518639401
1076,420.006476411388,0,0,712,17.5156875392376,-139.600000000005,-254.231677479282,84.3224663514377
1077,347.886737022064,0,0,714,23.627467789703,-241.794292736605,-227.937886276069,79.9914482450344
1078,284.581677478361,0,0,716,-41.6563725785123,-279.2,-186.110504808305,75.5485548651783
1079,563.593218876642,0,0,718,147.987511613268,-241.794292736621,-131.600000000005,71.0000000000001
1080,505.952637552518,0,0,720,-72.6783349912648,-139.600000000006,-68.1211726709866,66.3521452147754
1081,705.036997780206,0,0,722,-78.5744931744846,-2.18691431731054e-12,-1.03079485729967e-12,61.6114909546935
1082,932.556928105336,0,0,724,-55.9489120190542,139.600000000002,68.1211726709846,56.784667453403
1083,1129.63920395572,0,0,726,-21.6335142409309,241.794292736619,131.600000000003,51.8784254600284
1084,1272.28501155492,0,0,728,32.0748799489902,279.2,186.110504808293,46.8996267976336
1085,1214.38561435128,0,0,730,-27.2017994277538,241.794292736623,227.937886276061,41.8552347663488
1086,1173.38720129441,0,0,732,10.8032194105659,139.600000000009,254.231677479282,36.7523044045579
1087,966.168191566483,0,0,734,-62.6297810553189,5.19685943330603e-12,263.2,31.5979726217971
1088,863.44466424041,0,0,736,-13.5864614560066,-139.6,254.231677479283,26.3994482171339
1089,701.532164410464,0,0,738,-43.775430925998,-241.794292736617,227.937886276063,21.1640017970163
1090,674.48245106808,0,0,740,11.6729906531138,-279.2,186.110504808296,15.8989556066698
1091,683.273568050553,0,0,742,40.8561874978971,-241.794292736624,131.600000000007,10.6116732892729
1092,730.896745572017,0,0,744,53.0660233138004,-139.600000000011,68.1211726709894,5.30954958723842
1093,778.718559802815,0,0,746,32.7185598028195,-8.20680454930153e-12,3.8682502818341e-12,-2.7841554326707e-13
1094,666.778381690662,0,0,748,-147.390896051115,139.599999999997,-68.1211726709819,-5.30954958723797
1095,926.46324421189,0,0,750,76.8806247645457,241.794292736616,-131.600000000001,-10.6116732892714
1096,743.62117980169,0,0,752,-85.5693597833498,279.2,-186.110504808291,-15.8989556066694
1097,817.842803954634,0,0,754,71.1503992911082,241.79429273661,-227.937886276067,-21.1640017970169
1098,506.552471179377,0,0,756,-108.416403124222,139.600000000014,-254.231677479281,-26.3994482171334
1099,512.085325825178,0,0,758,48.8832984469636,1.1216749665297e-11,-263.2,-31.5979726217967
1100,259.627053271083,0,0,760,-69.788964845081,-139.599999999994,-254.231677479284,-36.7523044045584
1101,251.322955308562,0,0,762,0.910369087589769,-241.794292736614,-227.937886276065,-41.8552347663483
1102,277.456342058675,0,0,764,25.6664736646062,-279.2,-186.110504808298,-46.8996267976332
1103,359.850194357052,0,0,766,19.1229125537163,-241.794292736627,-131.60000000001,-51.878425460028
1104,390.718516259848,0,0,768,-112.775643615782,-139.599999999989,-68.1211726709777,-56.7846674534035
1105,657.130567218217,0,0,770,-51.2579418270686,-1.42266947812925e-11,-6.70570570636853e-12,-61.611490954693
1106,884.83189750286,0,0,772,-28.5371299533368,139.599999999992,68.1211726709792,-66.3521452147741
1107,1072.46088599296,0,0,774,-3.93340674365456,241.794292736613,131.599999999998,-70.9999999999997
1108,1305.35251505282,0,0,776,139.590565109696,279.2,186.110504808299,-75.5485548651779
1109,1212.71014009366,0,0,778,44.9694093260203,241.794292736613,227.937886276065,-79.991448245034
1110,995.852254583188,0,0,780,-93.6569565446743,139.600000000019,254.23167747928,-84.3224663514373
1111,1100.66152970525,0,0,782,143.997081569204,-1.45047251945872e-11,263.2,-88.5355518639406
1112,732.20390276192,0,0,784,-73.8029623158821,-139.599999999989,254.231677479284,-92.6248124014932
1113,646.412005211409,0,0,786,-29.147059564576,-241.794292736611,227.937886276066,-96.5845287634701
1114,503.740275508208,0,0,788,-90.761066371603,-279.2,186.1105048083,-100.40916292849
1115,484.514663000179,0,0,790,-91.1976784633703,-241.794292736614,131.599999999999,-104.093365799836
1116,662.391436805189,0,0,792,49.5022488208568,-139.599999999994,68.1211726709804,-107.631984686654
1117,638.700824920963,0,0,794,-44.2791045685668,-2.02465850132835e-11,9.54316113090297e-12,-111.02007051046
1118,734.925671727031,0,0,796,-18.3002708751122,139.599999999987,-68.1211726709764,-114.252884726867
1119,852.126761274407,0,0,798,61.2583744906636,241.79429273661,-131.599999999996,-117.325905952871
1120,875.618626002571,0,0,800,102.763967101284,279.2,-186.110504808297,-120.234836290416
1121,719.714972390182,0,0,802,26.8341732670196,241.794292736616,-227.937886276064,-122.97560733739
1122,570.505025428588,0,0,804,6.68108878552937,139.599999999997,-254.231677479283,-125.544385877655
1123,568.506655955232,0,0,806,153.644235197384,-8.4848349625962e-12,-263.2,-127.937579242144
1124,319.979299293473,0,0,808,35.9628171062784,-139.599999999984,-254.231677479285,-130.151840333536
1125,274.189003532646,0,0,810,66.1052548527987,-241.794292736608,-227.937886276067,-132.184072307477
1126,227.65912177575,0,0,812,15.0010594878408,-279.2,-186.110504808302,-134.031432903788
1127,286.508034049466,0,0,814,-18.4063347922832,-241.794292736617,-131.600000000002,-135.691338421632
1128,406.091402326853,0,0,816,-65.0259576691166,-139.599999999999,-68.1211726709831,-137.161467333048
1129,732.761306886064,0,0,818,53.2010704159214,-2.62664752452745e-11,-1.23806165554374e-11,-138.439763529819
1130,864.205936653359,0,0,820,-23.9907968185114,139.600000000009,68.1211726709881,-139.524439199127
1131,1116.60574366166,0,0,822,61.6254282490305,241.794292736607,131.599999999993,-140.413977323968
1132,1105.41940031992,0,0,824,-42.7839706835325,279.2,186.110504808295,-141.10713380484
1133,1071.59430380092,0,0,826,-82.5349360120363,241.794292736619,227.937886276063,-141.602939199728
1134,960.196183080962,0,0,828,-119.73479431837,139.600000000002,254.231677479282,-141.900700079953
1135,954.33935985488,0,0,830,3.13935985488246,-2.46494473060521e-12,263.2,-142
1136,737.827416949237,0,0,832,-66.9035604501177,-139.599999999979,254.231677479286,-141.900700079953
1137,660.332307532717,0,0,834,-18.2083468069954,-241.794292736621,227.937886276061,-141.602939199728
1138,492.134908198376,0,0,836,-109.668462805087,-279.2,186.110504808304,-141.10713380484
1139,550.883978682377,0,0,838,-36.5077512570384,-241.79429273662,131.600000000004,-140.413977323968
1140,623.496323832925,0,0,840,-5.50040963892925,-139.600000000005,68.1211726709859,-139.524439199127
1141,747.875270828713,0,0,842,44.3150343585318,-5.4500038539028e-13,2.56884135807166e-13,-138.439763529819
1142,920.086623915985,0,0,844,141.769263920014,139.600000000004,-68.1211726709854,-137.161467333048
1143,839.108334236835,0,0,846,18.6053799218545,241.794292736604,-131.599999999991,-135.691338421632
1144,810.406961605925,0,0,848,3.34889931801741,279.2,-186.110504808304,-134.031432903788
1145,705.714460542419,0,0,850,-25.9578736106643,241.794292736622,-227.937886276061,-132.184072307477
1146,603.919297097553,0,0,852,-3.29718508963574,139.600000000007,-254.231677479282,-130.151840333537
1147,515.11636574628,0,0,854,52.2539449884202,3.55494550138577e-12,-263.2,-127.937579242144
1148,421.057128969625,0,0,856,84.4331923265626,-139.600000000001,-254.231677479283,-125.544385877654
1149,345.452208057501,0,0,858,80.1599944075726,-241.794292736618,-227.937886276063,-122.97560733739
1150,175.7777511622,0,0,860,-98.6769077390769,-279.2,-186.110504808306,-120.234836290417
1151,503.076666722542,0,0,862,131.796865412044,-241.794292736623,-131.600000000007,-117.325905952871
1152,1196.56852080075,1,0,864,9.16399737843068,-139.60000000001,-68.1211726709886,-114.252884726867
1153,682.599102418066,0,0,866,-72.3808270714641,-6.56489061738127e-12,-3.0943395603416e-12,-111.02007051046
1154,1063.36175618873,0,0,868,95.2725682044005,139.599999999998,68.1211726709826,-107.631984686655
1155,1143.96503146757,0,0,870,4.66410453078972,241.794292736617,131.600000000001,-104.093365799836
1156,1186.01178112694,0,0,872,-50.8895607528723,279.2,186.110504808302,-100.40916292849
1157,1220.70968097051,0,0,874,-26.4379692787022,241.794292736625,227.93788627606,-96.5845287634708
1158,1155.1830977047,0,0,876,-22.0237673731003,139.600000000012,254.231677479281,-92.6248124014939
1159,1060.15836263115,0,0,878,7.4939144950837,9.57483573337676e-12,263.2,-88.5355518639398
1160,881.25391287543,0,0,880,-29.0552982524207,-139.599999999996,254.231677479283,-84.3224663514372
1161,766.253680077432,0,0,882,-21.8984652169822,-241.794292736615,227.937886276064,-79.9914482450348
1162,701.870571760136,0,0,884,-13.4913781829942,-279.2,186.110504808308,-75.5485548651779
1163,767.841600824896,0,0,886,63.0358935615105,-241.79429273661,131.599999999996,-70.9999999999997
1164,863.856478200314,0,0,888,113.687450744112,-139.600000000015,68.1211726709914,-66.352145214775
1165,828.432131810711,0,0,890,0.0436227654110665,-1.25847808493723e-11,5.93179498487603e-12,-61.6114909546939
1166,831.63231612848,0,0,892,-75.0618437471299,139.599999999993,-68.1211726709799,-56.7846674534035
1167,882.242767558614,0,0,894,-70.0730997179731,241.794292736614,-131.599999999999,-51.8784254600279
1168,968.656583727205,0,0,896,26.466715333139,279.2,-186.1105048083,-46.8996267976341
1169,936.003814641688,0,0,898,66.0026429474679,241.794292736628,-227.937886276058,-41.8552347663493
1170,674.712263485581,0,0,900,-73.903754630567,139.59999999999,-254.231677479284,-36.7523044045584
1171,646.58371348354,0,0,902,39.3816861053214,1.55947259653677e-11,-263.2,-31.5979726217966
1172,489.771051031935,0,0,904,6.00217672834401,-139.599999999991,-254.231677479284,-26.3994482171344
1173,530.448141448075,0,0,906,115.344322257771,-241.794292736612,-227.937886276066,-21.1640017970178
1174,487.874836274499,0,0,908,61.084296689468,-279.2,-186.1105048083,-15.8989556066693
1175,532.656789140732,0,0,910,6.66275516661687,-241.794292736613,-131.599999999999,-10.6116732892724
1176,714.339450144554,0,0,912,15.3701724028071,-139.60000000002,-68.1211726709941,-5.30954958723894
1177,868.853576740003,0,0,914,-45.1464232600159,1.3136694010512e-11,6.1919374347542e-12,-2.43459783670494e-13
1178,1134.8639276719,0,0,916,5.83320541369896,139.599999999988,68.1211726709772,5.30954958723846
1179,1273.0834565084,0,0,918,-28.9225095174795,241.794292736611,131.599999999996,10.6116732892719
1180,1441.04705008272,0,0,920,39.8375896677539,279.2,186.110504808298,15.8989556066688
1181,1415.28756685106,0,0,922,2.39138604136683,241.794292736615,227.937886276064,21.1640017970164
1182,1268.30365125029,0,0,924,-75.9274744461265,139.599999999995,254.231677479283,26.3994482171339
1183,1161.42228250421,0,0,926,-59.3756901176093,2.16146161973587e-11,263.2,31.5979726217962
1184,1055.69838278836,0,0,928,-23.6855990954962,-139.599999999985,254.231677479285,36.7523044045569
1185,930.798294753756,0,0,930,-27.2005335520508,-241.794292736609,227.937886276067,41.8552347663488
1186,814.24174105475,0,0,932,-71.5683905511857,-279.2,186.110504808302,46.8996267976336
1187,799.592211340868,0,0,934,-76.0919213825438,-241.794292736616,131.600000000001,51.8784254600275
1188,946.425903447722,0,0,936,25.1200633233345,-139.599999999998,68.1211726709824,56.784667453403
1189,992.950992855739,0,0,938,-6.66049809895807,7.11680377852097e-12,-3.35448201021977e-12,61.6114909546935
1190,1100.11636952554,0,0,940,22.2853969817597,139.599999999983,-68.1211726709744,66.3521452147746
1191,1141.28786261305,0,0,942,18.0935698764399,241.794292736608,-131.599999999994,70.9999999999993
1192,1173.18448042285,0,0,944,60.5464303659682,279.2,-186.110504808296,75.5485548651775
1193,375.492573931432,1,0,946,-18.9766999539699,241.794292736618,-227.937886276063,79.9914482450344
1194,948.946051985739,0,0,948,31.2552631135841,139.600000000001,-254.231677479283,84.3224663514369
1195,789.116840105144,0,0,950,13.7812882411773,2.76345064293497e-11,-263.2,88.5355518639394
1196,770.66175603325,0,0,952,119.868621111046,-139.600000000008,-254.231677479282,92.6248124014928
1197,573.518358714953,0,0,954,-7.33399103584255,-241.794292736606,-227.937886276068,96.5845287634705
1198,566.889767203047,0,0,956,-24.2088909171382,-279.2,-186.110504808304,100.409162928489
1199,735.666915116723,0,0,958,46.9678420535106,-241.794292736619,-131.600000000003,104.093365799835
1200,820.050209136794,0,0,960,-39.8606028788717,-139.600000000003,-68.1211726709851,107.631984686655
1201,1061.42792228816,0,0,962,-11.5921482223034,1.09691354652998e-12,5.17026585685334e-13,111.02007051046
1202,1321.97954482316,0,0,964,36.0054874253433,139.599999999978,68.1211726709717,114.252884726866
1203,1403.71716511785,0,0,966,-53.003033571648,241.794292736621,131.600000000004,117.325905952871
1204,1562.05505221581,0,0,968,8.50971111710107,279.2,186.110504808294,120.234836290416
1205,1698.79675486242,0,0,970,136.088968512344,241.794292736621,227.937886276062,122.97560733739
1206,1430.76451443657,0,0,972,-60.6115489203732,139.600000000006,254.231677479282,125.544385877654
1207,1347.30530528048,0,0,974,-17.8322739616653,1.91303156946551e-12,263.2,127.937579242143
1208,1126.47471535002,0,0,976,-94.3088024628012,-139.600000000002,254.231677479282,130.151840333537
1209,1151.33526457013,0,0,978,55.0075987231902,-241.794292736603,227.93788627607,132.184072307477
1210,943.712823646814,0,0,980,-77.2291140652694,-279.2,186.110504808295,134.031432903788
1211,1078.51932998659,0,0,982,71.0222843015763,-241.794292736623,131.600000000006,135.691338421632
1212,1026.2433899684,0,0,984,-23.4392500356274,-139.600000000008,68.1211726709879,137.161467333048
1213,1029.79608885273,0,0,986,-94.6436746770859,-4.92297668546101e-12,2.3204288388491e-12,138.439763529819
1214,1226.84302677136,0,0,988,27.8397602432208,139.6,-68.1211726709834,139.524439199127
1215,1265.102967803,0,0,990,24.4946977424117,241.794292736618,-131.600000000002,140.413977323968
1216,1256.07187342556,0,0,992,29.8752444290109,279.2,-186.110504808292,141.10713380484
1217,1135.46686359026,0,0,994,-13.9924820700312,241.794292736624,-227.93788627606,141.602939199728
1218,995.420338608719,0,0,996,-27.8486839919636,139.600000000011,-254.231677479281,141.900700079953
1219,826.124315280716,0,0,998,-50.6756847192918,7.9329218014565e-12,-263.2,142
1220,876.120240454957,0,0,1000,128.051217854284,-139.599999999997,-254.231677479283,141.900700079953
1221,644.014468281047,0,0,1002,-29.8562919060004,-241.794292736616,-227.937886276064,141.602939199728
1222,644.287927764147,0,0,1004,-35.5087012323959,-279.2,-186.110504808297,141.107133804841
1223,750.82501763509,0,0,1006,-22.1946669522441,-241.794292736625,-131.600000000008,140.413977323968
1224,950.465326824509,0,0,1008,10.6620602963862,-139.600000000014,-68.1211726709906,139.524439199127
1225,1182.31276237865,0,0,1010,33.8729988488432,-1.0942866917452e-11,-5.15788426338353e-12,138.439763529819
1226,1383.37900179543,0,0,1012,26.4963617914077,139.599999999995,68.1211726709807,137.161467333048
1227,1479.10238343629,0,0,1014,-43.9832477219549,241.794292736615,131.599999999999,135.691338421632
1228,1663.16815415903,0,0,1016,47.8262164469443,279.2,186.1105048083,134.031432903788
1229,1643.5136576159,0,0,1018,23.5974062957407,241.794292736611,227.937886276066,132.184072307477
1230,1621.92815266256,0,0,1020,77.9446348497226,139.600000000016,254.23167747928,130.151840333537
1231,1393.43749913445,0,0,1022,-19.7000801077052,1.39528120334475e-11,263.2,127.937579242144
1232,1171.68384628843,0,0,1024,-92.4922170685128,-139.599999999992,254.231677479284,125.544385877655
1233,1081.03431717935,0,0,1026,-54.0848836974949,-241.794292736613,227.937886276065,122.975607337391
1234,1089.96238987987,0,0,1028,34.8170487811586,-279.2,186.110504808299,120.234836290416
1235,1085.61087424665,0,0,1030,48.4792610303959,-241.794292736629,131.600000000011,117.325905952872
1236,1010.29062963614,0,0,1032,-64.4834277617115,-139.599999999991,68.1211726709789,114.252884726867
1237,1181.9549071894,0,0,1034,36.9348366789477,-1.6962757149443e-11,7.99533968791797e-12,111.02007051046
1238,1207.06142198539,0,0,1036,-8.0493900302726,139.599999999989,-68.1211726709779,107.631984686655
1239,1167.97269635838,0,0,1038,-84.3149621780701,241.794292736612,-131.599999999997,104.093365799835
1240,1203.54014497749,0,0,1040,-29.9585131426978,279.2,-186.110504808298,100.40916292849
1241,1132.60488945815,0,0,1042,-19.8360457658686,241.794292736614,-227.937886276065,96.5845287634705
1242,926.794125131974,0,0,1044,-95.1990097902609,139.600000000021,-254.23167747928,92.6248124014936
1243,884.267571150958,0,0,1046,12.9320192870298,-1.17686628264367e-11,-263.2,88.5355518639402
1244,643.218451060926,0,0,1048,-95.2723378112403,-139.599999999987,-254.231677479285,84.3224663514377
1245,672.361935806554,0,0,1050,12.1026665741961,-241.79429273661,-227.937886276067,79.9914482450344
1246,694.603952709254,0,0,1052,32.3659026523766,-279.2,-186.110504808301,75.5485548651783
1247,703.447204338245,0,0,1054,-48.1585029251388,-241.794292736616,-131.6,71.0000000000002
1248,950.488489104418,0,0,1056,35.857516560621,-139.599999999997,-68.1211726709817,66.3521452147754
1249,1144.71217153884,0,0,1058,25.1006805841836,-2.2982647381434e-11,-1.08327951124524e-11,61.6114909546935
1250,1362.75857791437,0,0,1060,38.2527377899641,139.600000000012,68.1211726709896,56.784667453403
1251,1518.88470420483,0,0,1062,31.6119860081978,241.794292736609,131.599999999995,51.8784254600284
1252,1534.27804081309,0,0,1064,-41.9320907928364,279.2,186.110504808296,46.8996267976336
1253,1602.81701391392,0,0,1066,25.2296001348888,241.794292736617,227.937886276063,41.8552347663488
1254,1473.98453236398,0,0,1068,-24.5994495198584,139.599999999999,254.231677479283,36.7523044045579
1255,1429.33363529825,0,0,1070,64.5356626764544,-5.74877259444573e-12,263.2,31.5979726217971
1256,1251.67168783585,0,0,1072,38.6405621394149,-139.599999999982,254.231677479285,26.3994482171339
1257,982.222483751509,0,0,1074,-99.0851115849699,-241.794292736607,227.937886276068,21.1640017970174
1258,925.205308456622,0,0,1076,-73.6041519583515,-279.2,186.110504808303,15.8989556066698
1259,1106.2836782852,0,0,1078,127.866297732546,-241.794292736619,131.600000000003,10.6116732892729
1260,1118.50097803018,0,0,1080,104.670255771956,-139.600000000002,68.1211726709844,5.30954958723846
1261,944.193391406451,0,0,1082,-137.80660859355,2.73882747845024e-12,-1.29093730717783e-12,-2.43635574171285e-13
1262,1122.50007514805,0,0,1084,-27.6692025937309,139.600000000007,-68.1211726709869,-5.30954958723794
1263,1189.29342179239,0,0,1086,3.71080234505006,241.794292736606,-131.599999999992,-10.6116732892724
1264,1181.179770784,0,0,1088,15.9892311989655,279.2,-186.110504808294,-15.8989556066693
1265,1136.63875821231,0,0,1090,53.9463535487651,241.79429273662,-227.937886276062,-21.1640017970168
1266,971.600187075742,0,0,1092,20.6313127721535,139.600000000004,-254.231677479282,-26.3994482171334
1267,728.109724797247,0,0,1094,-71.0923025809564,2.71117637545256e-13,-263.2,-31.5979726217966
1268,661.900876756825,0,0,1096,-3.51514135935505,-139.599999999976,-254.231677479286,-36.7523044045574
1269,656.974824649038,0,0,1098,70.5622384280687,-241.79429273662,-227.937886276062,-41.8552347663483
1270,594.989426455032,0,0,1100,7.19955806096997,-279.2,-186.110504808305,-46.8996267976331
1271,716.059023748168,0,0,1102,39.3317419448233,-241.794292736622,-131.600000000005,-51.8784254600279
1272,945.969314628031,0,0,1104,106.475154752429,-139.600000000007,-68.1211726709871,-56.7846674534035
1273,1044.42558750134,0,0,1106,0.037078456038663,-3.28106275354075e-12,-1.5465181173566e-12,-61.611490954693
1274,1287.51636009557,0,0,1108,38.1473326393558,139.600000000001,68.1211726709841,-66.3521452147741
1275,1467.35692365471,0,0,1110,54.9626309181166,241.794292736603,131.59999999999,-70.9999999999997
1276,1441.68423629691,0,0,1112,-60.0777136462116,279.2,186.110504808303,-75.5485548651779
1277,1418.94477091354,0,0,1114,-84.7959598541114,241.794292736623,227.937886276061,-79.991448245034
1278,1432.88500323743,0,0,1116,7.37579210957282,139.60000000001,254.231677479281,-84.3224663514372
1279,1318.48267329578,0,0,1118,25.8182251597169,6.29100786953624e-12,263.2,-88.5355518639398
1280,1051.80467759392,0,0,1120,-90.2021874838712,-139.599999999999,254.231677479283,-92.6248124014932
1281,875.969450974105,0,0,1122,-135.589613801872,-241.794292736617,227.937886276063,-96.5845287634701
1282,819.607920443084,0,0,1124,-110.893421436733,-279.2,186.110504808307,-100.40916292849
1283,1000.0832586681,0,0,1126,88.3709172045453,-241.794292736609,131.599999999995,-104.093365799836
1284,970.492722656146,0,0,1128,21.6035346718226,-139.600000000012,68.1211726709899,-107.631984686654
1285,1038.22786792656,0,0,1130,19.2479384370277,-9.30095298553174e-12,4.38397354189103e-12,-111.02007051046
1286,1065.4393604616,0,0,1132,-23.7865821405478,139.599999999996,-68.1211726709814,-114.252884726867
1287,1076.11067309488,0,0,1134,-50.7577136888602,241.794292736615,-131.6,-117.325905952871
1288,1063.06975148724,0,0,1136,-45.7849074140408,279.2,-186.110504808301,-120.234836290416
1289,1109.18346439914,0,0,1138,80.3026652759609,241.794292736626,-227.937886276059,-122.97560733739
1290,936.060070848656,0,0,1140,36.2361342055756,139.600000000015,-254.231677479281,-125.544385877654
1291,831.848774902846,0,0,1142,80.9863541449768,1.23108981015272e-11,-263.2,-127.937579242143
1292,585.170748125195,0,0,1144,-34.8457340619917,-139.599999999993,-254.231677479284,-130.151840333536
1293,544.677249981741,0,0,1146,0.593501301896698,-241.794292736614,-227.937886276065,-132.184072307477
1294,349.681571429745,0,0,1148,-198.976490858168,-279.2,-186.110504808299,-134.031432903788
1295,602.655349227058,0,0,1150,-38.2590196147014,-241.794292736612,-131.599999999997,-135.691338421632
1296,729.914571512271,0,0,1152,-77.2027884836718,-139.600000000017,-68.1211726709926,-137.161467333048
1297,1039.84008285463,0,0,1154,24.2798463844687,-1.53208432175227e-11,-7.22142896642547e-12,-138.439763529819
1298,1139.6875740282,0,0,1156,-84.5091594436461,139.599999999991,68.1211726709787,-139.524439199127
1299,1393.25761622621,0,0,1158,2.27730081356726,241.794292736612,131.599999999998,-140.413977323968
1300,1614.47575441071,0,0,1160,130.272383407255,279.2,186.110504808299,-141.10713380484
1301,1463.8534333924,0,0,1162,-26.2758064205627,241.794292736629,227.937886276058,-141.602939199728
1302,1334.87071760653,0,0,1164,-81.0602597927977,139.599999999993,254.231677479284,-141.900700079953
1303,1324.7698282208,0,0,1166,37.5698282207792,1.83307883335182e-11,263.2,-142
1304,1119.27273373286,0,0,1168,-21.4582436664876,-139.599999999988,254.231677479284,-141.900700079953
1305,969.029844867494,0,0,1170,-45.5108094722333,-241.794292736611,227.937886276066,-141.602939199728
1306,895.123815820142,0,0,1172,-42.6795551833179,-279.2,186.110504808301,-141.10713380484
1307,995.222326063843,0,0,1174,71.8305961244264,-241.794292736615,131.6,-140.413977323968
1308,833.843757589259,0,0,1176,-131.152975882587,-139.600000000023,68.1211726709953,-139.524439199127
1309,1087.10388602206,0,0,1178,47.5436495518694,1.04006316423615e-11,-4.90230345320477e-12,-138.439763529819
1310,1148.65749337954,0,0,1180,34.3401333835799,139.599999999986,-68.1211726709759,-137.161467333048
1311,996.375271027548,0,0,1182,-160.127683287434,241.794292736609,-131.599999999995,-135.691338421632
1312,1147.66563220418,0,0,1184,4.60756991626361,279.2,-186.110504808297,-134.031432903788
1313,1046.05711736914,0,0,1186,-21.6152167839577,241.794292736632,-227.937886276056,-132.184072307477
1314,971.629248710727,0,0,1188,28.412766523549,139.599999999998,-254.231677479283,-130.151840333537
1315,787.172721351882,0,0,1190,-11.6896994059675,-7.39068652636599e-12,-263.2,-127.937579242144
1316,640.105042542544,0,0,1192,-32.5188941005332,-139.599999999983,-254.231677479285,-125.544385877655
1317,558.730151426172,0,0,1194,-42.5620622237616,-241.794292736608,-227.937886276068,-122.97560733739
1318,796.525638145298,0,0,1196,186.070979244006,-279.2,-186.110504808292,-120.234836290416
1319,742.707666660205,0,0,1198,35.4278653496966,-241.794292736618,-131.600000000002,-117.325905952871
1320,883.972198321718,0,0,1200,5.9462557195683,-139.6,-68.1211726709836,-114.252884726867
1321,1016.37579014746,0,0,1202,-74.6041393420403,-2.73606236815047e-11,-1.28963398154943e-11,-111.020070510461
1322,1372.60990130352,0,0,1204,68.5207133192221,139.59999999998,68.1211726709732,-107.631984686655
1323,1469.65043404447,0,0,1206,-5.65049289232414,241.794292736622,131.600000000006,-104.093365799836
1324,1695.37506283957,0,0,1208,122.473720959763,279.2,186.110504808295,-100.40916292849
1325,1591.6496557077,0,0,1210,8.50200545849155,241.794292736619,227.937886276062,-96.5845287634709
1326,1500.99434878279,0,0,1212,-12.2125162950024,139.600000000003,254.231677479282,-92.6248124014932
1327,1403.88116645375,0,0,1214,15.2167183176576,3.03705687975002e-11,263.2,-88.5355518639406
1328,1252.97702821304,0,0,1216,6.66781708519912,-139.600000000005,254.231677479282,-84.3224663514373
1329,1179.96722293984,0,0,1218,55.8150776454296,-241.794292736621,227.937886276062,-79.991448245034
1330,1087.74471838972,0,0,1220,36.3827684465947,-279.2,186.110504808305,-75.5485548651779
1331,993.469870461543,0,0,1222,-47.335836801841,-241.794292736621,131.600000000005,-70.9999999999997
1332,1179.79259747942,0,0,1224,93.623570023225,-139.600000000033,68.1211726710008,-66.3521452147759
1333,1139.27573228903,0,0,1226,-25.1127767562763,-1.63914882162049e-12,7.726073958641e-13,-61.611490954694
1334,1270.18807927853,0,0,1228,27.4939194029176,139.600000000003,-68.1211726709849,-56.7846674534035
1335,1309.28621625064,0,0,1230,20.970348974059,241.794292736603,-131.59999999999,-51.8784254600289
1336,1374.10014995788,0,0,1232,95.9102815638071,279.2,-186.110504808293,-46.8996267976341
1337,1237.53769480415,0,0,1234,31.5365231099634,241.794292736607,-227.937886276068,-41.8552347663483
1338,1019.83406675574,0,0,1236,-64.7819513604296,139.600000000008,-254.231677479282,-36.7523044045584
1339,841.217019549247,0,0,1238,-101.985007828961,4.64909393761598e-12,-263.2,-31.5979726217967
1340,862.952497852119,0,0,1240,43.1836235485348,-139.6,-254.231677479283,-26.3994482171334
1341,709.49200045522,0,0,1242,-41.6118187350907,-241.794292736602,-227.937886276071,-21.1640017970169
1342,786.715251474131,0,0,1244,23.9247118890968,-279.2,-186.110504808296,-15.8989556066694
1343,862.142907825525,0,0,1246,0.148873851428941,-241.794292736624,-131.600000000007,-10.6116732892734
1344,936.291047099642,0,0,1248,-98.6782306421195,-139.600000000011,-68.1211726709891,-5.30954958723898
1345,1359.96502524589,0,0,1250,109.965025245897,-7.65903905361148e-12,-3.61006282039853e-12,-2.78239752766279e-13
1346,1364.20234519412,0,0,1252,-100.828377064051,139.59999999997,68.1211726709677,5.30954958723741
1347,1673.59769341781,0,0,1254,35.5917273919214,241.794292736616,131.600000000001,10.6116732892719
1348,1901.8105731065,0,0,1256,164.601112691531,279.2,186.110504808302,15.8989556066698
1349,1822.1897354032,0,0,1258,73.2935545935007,241.794292736625,227.937886276059,21.1640017970163
1350,1695.43378413636,0,0,1260,15.2026584399332,139.600000000013,254.231677479281,26.3994482171339
1351,1620.43935054757,0,0,1262,63.6413779257978,-2.10723809222682e-11,263.2,31.5979726217971
1352,1249.28257365746,0,0,1264,-166.10140822639,-139.599999999995,254.231677479283,36.7523044045569
1353,1286.51723638372,0,0,1266,-7.48159192207501,-241.794292736615,227.937886276064,41.8552347663488
1354,1246.65599733369,0,0,1268,24.84586572775,-279.2,186.110504808309,46.8996267976326
1355,1295.39023941761,0,0,1270,83.7061066942018,-241.794292736627,131.600000000009,51.8784254600274
1356,1287.83635174319,0,0,1272,30.5305116187982,-139.599999999988,68.1211726709774,56.784667453403
1357,1263.17435487298,0,0,1274,-72.4371360817076,-1.36789292856025e-11,6.44751824493297e-12,61.6114909546925
1358,1428.47644554982,0,0,1276,14.6454730060333,139.599999999992,-68.1211726709794,66.3521452147745
1359,1457.13325628244,0,0,1278,-2.06103645417208,241.794292736613,-131.599999999998,71.0000000000001
1360,1480.0204779512,0,0,1280,31.3824278943137,279.2,-186.110504808289,75.5485548651775
1361,1472.05654352374,0,0,1282,96.2086888181623,241.794292736613,-227.937886276066,79.9914482450344
1362,1258.82716323429,0,0,1284,5.13637436214514,139.599999999991,-254.231677479284,84.3224663514377
1363,1090.13395975461,0,0,1286,-21.2015921093429,1.6688874401598e-11,-263.2,88.5355518639393
1364,1141.20763299526,0,0,1288,154.414498073036,-139.59999999999,-254.231677479284,92.6248124014935
1365,850.424462768079,0,0,1290,-66.4278869827219,-241.794292736596,-227.937886276073,96.5845287634697
1366,784.428805927035,0,0,1292,-142.669852193155,-279.2,-186.1105048083,100.409162928489
1367,1020.56436896372,0,0,1294,-4.13470409950001,-241.794292736614,-131.599999999999,104.093365799835
1368,1091.69753661216,0,0,1296,-104.213275403475,-139.600000000021,-68.1211726709946,107.631984686654
1369,1469.31236951306,0,0,1298,60.2922990026243,-1.96988195175935e-11,-9.2849736694674e-12,111.02007051046
1370,1548.85573775113,0,0,1300,-73.1183196467391,139.600000000015,68.1211726709911,114.252884726867
1371,1766.18346780783,0,0,1302,-26.5367308816448,241.79429273661,131.599999999996,117.325905952871
1372,1907.04454870318,0,0,1304,17.4992076044667,279.2,186.110504808298,120.234836290416
1373,2028.97182814602,0,0,1306,130.264041795952,241.794292736616,227.937886276064,122.975607337391
1374,1845.12686440122,0,0,1308,17.7508010442656,139.600000000024,254.231677479279,125.544385877654
1375,1797.0737614458,0,0,1310,95.9361822036645,-9.03260045828625e-12,263.2,127.937579242143
1376,1606.36913864,0,0,1312,49.5856208271612,-139.599999999984,254.231677479285,130.151840333536
1377,1424.70877142887,0,0,1314,-7.61889441807016,-241.794292736609,227.937886276067,132.184072307477
1378,1245.56946392881,0,0,1316,-111.372473783282,-279.2,186.110504808302,134.031432903788
1379,1325.84967081454,0,0,1318,-17.6473748704749,-241.794292736633,131.600000000014,135.691338421632
1380,1454.76072222695,0,0,1320,69.0780822229148,-139.599999999999,68.1211726709829,137.161467333048
1381,1348.57585127768,0,0,1322,-111.863912252145,6.02265534229076e-12,-2.83875875016283e-12,138.439763529819
1382,1629.26839629692,0,0,1324,94.265129768782,139.599999999982,-68.1211726709739,139.524439199127
1383,1537.64848079759,0,0,1326,-38.9597892629952,241.794292736607,-131.599999999993,140.413977323968
1384,1636.77425520144,0,0,1328,74.5776262049065,279.2,-186.110504808306,141.107133804841
1385,1409.36020683476,0,0,1330,-76.0991388255267,241.794292736619,-227.937886276063,141.602939199728
1386,1249.03987138527,0,0,1332,-110.229151215397,139.600000000002,-254.231677479283,141.900700079953
1387,1060.53453742048,0,0,1334,-152.265462579553,2.87286548655799e-11,-263.2,142
1388,1121.20594631174,0,0,1336,37.136923711056,-139.599999999979,-254.231677479286,141.900700079953
1389,878.55619896998,0,0,1338,-131.314561217065,-241.794292736622,-227.937886276061,141.602939199728
1390,891.706015936386,0,0,1340,-124.09061306015,-279.2,-186.110504808304,141.107133804841
1391,1088.48566817583,0,0,1342,-20.5340164115165,-241.79429273662,-131.600000000004,140.413977323968
1392,1331.66886071796,0,0,1344,55.8655941898274,-139.600000000004,-68.1211726709856,139.524439199127
1393,1512.61020324452,0,0,1346,28.1704397147454,-3.17385999815754e-11,-1.49598845185363e-11,138.439763529819
1394,1638.58028893088,0,0,1348,-54.3023510731525,139.600000000004,68.1211726709856,137.161467333048
1395,1851.2170329157,0,0,1350,-7.86859824255678,241.79429273662,131.600000000004,135.691338421632
1396,1807.61469803047,0,0,1352,-143.727239681614,279.2,186.110504808293,134.031432903788
1397,1838.30705383048,0,0,1354,-117.609197489682,241.794292736622,227.937886276061,132.184072307477
1398,1933.8066177476,0,0,1356,53.8230999347494,139.600000000034,254.231677479278,130.151840333537
1399,1852.7428033505,0,0,1358,103.605224108348,3.00718000569573e-12,263.2,127.937579242144
1400,1594.63727609964,0,0,1360,-5.5387872572969,-139.600000000002,254.231677479283,125.544385877655
1401,1459.66787414927,0,0,1362,-11.4513267275877,-241.794292736603,227.93788627607,122.975607337391
1402,1204.45535964143,0,0,1364,-186.689981457288,-279.2,186.110504808306,120.234836290416
1403,1512.12153240972,0,0,1366,138.989919193466,-241.794292736607,131.599999999993,117.325905952871
1404,1533.026822582,0,0,1368,122.252765184154,-139.600000000009,68.1211726709884,114.252884726868
1405,1598.29113725711,0,0,1370,117.27106674665,-6.01712512169122e-12,2.83615209890603e-12,111.02007051046
1406,1556.42583632107,0,0,1372,5.31502430539858,139.599999999999,-68.1211726709829,107.631984686654
1407,1614.89128787831,0,0,1374,26.6036293418636,241.794292736601,-131.599999999988,104.093365799836
1408,1587.73101090318,0,0,1376,18.2323527829918,279.2,-186.110504808302,100.40916292849
1409,1304.20335401196,0,0,1378,-184.23758121208,241.794292736625,-227.93788627606,96.5845287634713
1410,1213.93749094108,0,0,1380,-144.055643981142,139.600000000012,-254.231677479281,92.6248124014936
1411,1209.50789119916,0,0,1382,2.17233933521019,9.02707023768671e-12,-263.2,88.5355518639402
1412,1264.68823042957,0,0,1384,190.197441557384,-139.599999999969,-254.231677479287,84.3224663514377
1413,1069.1415473687,0,0,1386,72.8822781363433,-241.794292736616,-227.937886276064,79.9914482450344
1414,1152.69189198318,0,0,1388,154.453841926302,-279.2,-186.110504808298,75.5485548651775
1415,1086.35264896,0,0,1390,-1.25305830337031,-241.794292736626,-131.600000000009,71.0000000000011
1416,1319.97516780171,0,0,1392,69.3441952579363,-139.600000000015,-68.1211726709911,66.3521452147746
1417,1488.89765097068,0,0,1394,33.2861600159566,1.9704349738193e-11,9.2875803207242e-12,61.6114909546926
1418,1620.77666957209,0,0,1396,-39.7291705522915,139.599999999994,68.1211726709802,56.784667453404
1419,1937.97814878822,0,0,1398,114.705430591574,241.794292736614,131.599999999999,51.8784254600285
1420,1937.58078907233,0,0,1400,25.3706574663969,279.2,186.1105048083,46.8996267976337
1421,1834.48002522029,0,0,1402,-79.1073885587414,241.794292736628,227.937886276058,41.8552347663488
1422,1723.66495272536,0,0,1404,-110.919029158472,139.59999999999,254.231677479284,36.752304404558
1423,1679.68658127068,0,0,1406,-21.1113913511315,1.50469604696777e-11,263.2,31.5979726217972
1424,1528.39248577346,0,0,1408,-20.6386399229679,-139.599999999991,254.231677479284,26.399448217134
1425,1329.17887023079,0,0,1410,-88.128725105683,-241.794292736613,227.937886276066,21.1640017970164
1426,1375.9243374861,0,0,1412,41.1148770711192,-279.2,186.11050480831,15.8989556066709
1427,1221.47115883557,0,0,1414,-92.9462217170884,-241.794292736613,131.599999999998,10.611673289273
1428,1266.04786661379,0,0,1416,-83.78285564443,-139.599999999992,68.1211726709794,5.30954958723748
1429,1468.48630370775,0,0,1418,50.4863037077594,-1.80569055856732e-11,8.5110629479749e-12,8.00115079703842e-13
1430,1509.48734594505,0,0,1420,23.3180682032799,139.599999999988,-68.1211726709774,-5.3095495872379
1431,1632.03668688614,0,0,1422,110.454067438797,241.794292736627,-131.600000000009,-10.6116732892724
1432,1488.92802949423,0,0,1424,-12.2625100907987,279.2,-186.110504808298,-15.8989556066693
1433,1388.92321434623,0,0,1426,-29.7691903172985,241.794292736615,-227.937886276064,-21.1640017970168
1434,1265.39921818738,0,0,1428,-21.5696561162261,139.600000000022,-254.23167747928,-26.3994482171334
1435,1247.79062349355,0,0,1430,112.588596115321,2.10668507016687e-11,-263.2,-31.5979726217966
1436,973.289937331088,0,0,1432,-28.1260807850598,-139.600000000013,-254.231677479281,-36.7523044045583
1437,982.587616113293,0,0,1434,60.1750298923166,-241.79429273661,-227.937886276067,-41.8552347663473
1438,996.150847501462,0,0,1436,72.3609791073962,-279.2,-186.110504808302,-46.8996267976331
1439,1057.44469412657,0,0,1438,44.7174123232163,-241.794292736616,-131.600000000001,-51.8784254600288
1440,1129.70305166917,0,1,1440,-45.7911082064055,-139.600000000025,-68.1211726709966,-56.7846674534025
1441,918.765266374483,0,0,1443,-370.206006238813,1.91614231855275e-11,9.03167367913834e-12,-154.028727386732
1442,1688.29718714327,0,0,1446,-111.125381497294,349.000000000027,170.302931677473,-165.880363036937
1443,2103.46268899989,0,0,1449,-101.523042841612,604.48573184152,328.999999999985,-177.499999999999
1444,2271.82929499767,0,0,1452,-154.575579860121,698,465.27626202074,-188.871387162945
1445,2302.23338348005,0,0,1455,-127.118443439084,604.485731841584,569.844715690139,-199.978620612585
1446,2171.80026034623,0,0,1458,-59.9727674733827,349,635.579193698207,-210.806165878593
1447,1901.26855030862,0,0,1461,3.6074299684856,-1.16365603955388e-11,658,-221.338879659851
1448,1664.56098881514,0,0,1464,145.543826120609,-348.999999999952,635.579193698214,-231.562031003731
1449,928.83611603618,0,0,1467,-262.0615459038,-604.485731841516,569.844715690171,-241.461321908675
1450,991.020388925009,0,0,1470,4.76703422550032,-698,465.276262020732,-251.022907321224
1451,763.036568069262,0,0,1473,-174.244285589611,-604.485731841548,329.000000000008,-260.233414499587
1452,884.01883390481,0,0,1476,-144.20413605601,-349.000000000007,170.302931677462,-269.079961716635
1453,1019.16191551539,0,0,1479,-182.287908208465,4.11169760555007e-12,-1.93803511780225e-12,-277.550176276151
1454,1268.70242120298,0,0,1482,-106.362435302373,348.999999999945,-170.30293167743,-285.632211817167
1455,1474.41906890018,0,0,1485,7.24810194081367,604.485731841552,-329.000000000011,-293.314764882178
1456,1110.54280391648,0,0,1488,-309.593843336743,698,-465.276262020735,-300.587090726039
1457,1273.19851613719,0,0,1491,54.9965183292724,604.485731841552,-569.844715690154,-307.439018343476
1458,750.535020035064,0,0,1494,-143.024821572607,349.000000000013,-635.579193698205,-313.860964694137
1459,601.965607147785,0,0,1497,82.8095552530598,8.27665779141267e-11,-658,-319.843948105358
1460,425.10629676174,0,0,1500,235.065091293794,-349.000000000007,-635.579193698206,-325.379600833841
1461,-203.076640109422,0,0,1503,-201.286011809025,-604.485731841548,-569.844715690156,-330.460180768692
1462,80.1989469929721,0,0,1506,72.553791273206,-698,-465.276262020764,-335.07858225947
1463,124.59030202743,0,0,1509,-111.69562007692,-604.485731841556,-329.000000000014,-339.22834605408
1464,426.420272040181,0,0,1512,-223.373127949816,-348.999999999951,-170.302931677433,-342.903668332619
1465,1110.09125218087,0,0,1515,-58.8093389945679,-1.09380279744274e-11,-5.15560344353383e-12,-346.099408824547
1466,1892.5771380549,0,0,1518,204.085304375259,349.000000000001,170.302931677459,-348.811097997817
1467,2050.85000970345,0,0,1521,-52.6007788281057,604.485731841505,328.999999999973,-351.03494330992
1468,2586.95663281553,0,0,1524,252.448205306897,698,465.27626202073,-352.767834512101
1469,2200.5627827035,0,0,1527,-146.760316828871,604.48573184152,569.844715690169,-354.007347999319
1470,2569.9135379197,0,0,1530,410.086094421348,349.000000000026,635.579193698203,-354.751750199881
1471,1877.96319562768,0,0,1533,41.9631956276625,1.84628907644161e-11,658,-355
1472,1601.38262129704,0,0,1536,133.555177798704,-348.999999999994,635.579193698208,-354.751750199881
1473,977.44758722195,0,0,1539,-172.904048627408,-604.485731841501,569.844715690178,-354.007347999319
1474,936.324880153137,0,0,1542,-20.1835473555039,-698,465.276262020742,-352.767834512101
1475,1213.90234003969,0,0,1545,295.423015191149,-604.485731841523,328.999999999988,-351.03494330992
1476,936.898149640773,0,0,1548,-83.5936840388524,-349.000000000033,170.302931677476,-348.811097997817
1477,1444.14843091815,0,0,1551,239.247839742712,-2.59877535544049e-11,1.22492420048699e-11,-346.099408824547
1478,1091.54739868983,0,0,1554,-298.246001300051,348.999999999919,-170.302931677416,-342.90366833262
1479,1405.68035991892,0,0,1557,-87.5770258685359,604.485731841537,-328.999999999999,-339.228346054081
1480,1392.93938912114,0,0,1560,-64.7057665986373,698,-465.276262020752,-335.07858225947
1481,1330.79685642346,0,0,1563,63.6160210407348,604.485731841567,-569.844715690147,-330.460180768693
1482,1402.80175002145,0,0,1566,448.760544553453,349.000000000039,-635.579193698201,-325.379600833842
1483,865.714059398138,0,0,1569,274.558007503543,-4.58407963852944e-11,-658,-319.843948105359
1484,349.142665901154,0,0,1572,75.5828242934823,-348.999999999981,-635.57919369821,-313.860964694137
1485,169.62313869216,0,0,1575,76.3926045673318,-604.485731841533,-569.844715690163,-307.439018343476
1486,203.721281391443,0,0,1578,89.5846341382307,-698,-465.276262020747,-300.58709072604
1487,104.068961676529,0,0,1581,-250.130541599695,-604.485731841571,-329.000000000027,-293.314764882179
1488,814.451918971199,0,0,1584,35.3870624657903,-348.999999999977,-170.302931677447,-285.632211817167
1489,1371.68753204317,0,0,1587,62.2377083193805,-4.10374791343823e-11,-1.9342880566206e-11,-277.550176276153
1490,1817.4762018509,0,0,1590,-22.7467681098802,348.999999999975,170.302931677445,-269.079961716637
1491,2297.50710012561,0,0,1593,31.2547827836711,604.48573184153,328.999999999993,-260.233414499587
1492,2490.60319775872,0,0,1596,-17.6501569407739,698,465.27626202072,-251.022907321226
1493,2478.42712934439,0,0,1599,-53.4419962786299,604.485731841535,569.844715690162,-241.461321908677
1494,2340.60708289705,0,0,1602,-14.4100797974088,348.999999999984,635.579193698209,-231.562031003733
1495,2057.08935779858,0,0,1605,15.4282374583868,4.85623419243711e-11,658,-221.338879659852
1496,1568.82484979756,0,0,1608,-114.948178022091,-348.999999999968,635.579193698211,-210.806165878593
1497,1242.32755826579,0,0,1611,-134.052804970206,-604.485731841566,569.844715690148,-199.978620612585
1498,1245.24776299112,0,0,1614,52.8428881333167,-698,465.276262020752,-188.871387162945
1499,1025.63500176036,0,0,1617,-138.379266398099,-604.485731841538,329,-177.499999999999
1500,1216.87178598072,0,0,1620,-58.5507826597711,-349.000000000059,170.30293167749,-165.88036303694
1501,1602.6772229039,0,0,1623,133.705950290668,-5.60872047143598e-11,2.64365191275421e-11,-154.028727386735
1502,1797.78650405681,0,0,1626,135.051104367759,349.000000000031,-170.302931677475,-141.961668633509
1503,1647.16219544385,0,0,1629,-127.627472747614,604.485731841522,-328.999999999987,-129.696063650072
1504,1572.74120044007,0,0,1632,-174.733470545107,698,-465.276262020742,-117.249066994085
1505,1585.27024462664,0,0,1635,20.2673153911308,604.485731841542,-569.844715690159,-104.638086915871
1506,1053.65703854067,0,0,1638,-205.883006749805,349.000000000065,-635.579193698198,-91.8807610113961
1507,966.435411913869,0,0,1641,62.4303434683769,-1.57413452253394e-11,-658,-78.9949315544918
1508,688.272683014754,0,0,1644,94.8504972558149,-349.000000000024,-635.579193698204,-65.9986205428337
1509,334.476456172273,0,0,1647,-85.2830918034962,-604.485731841518,-569.84471569017,-52.9100044925423
1510,461.539450635947,0,0,1650,14.5631016733777,-698,-465.276262020757,-39.7473890166735
1511,699.395221062211,0,0,1653,6.41013612701899,-604.485731841586,-329.000000000039,-26.5291832231837
1512,930.17828558487,0,0,1656,-193.244908769569,-349.000000000003,-170.30293167746,-13.2738739680975
1513,1622.15518782819,0,0,1659,-36.8448121718171,8.21648243535071e-12,3.8728119215335e-12,-7.82549304655159e-13
1514,2106.5076071112,0,0,1662,-88.0691985342747,348.999999999949,170.302931677432,13.2738739680934
1515,2498.22641841822,0,0,1665,-126.788496646452,604.485731841515,328.999999999981,26.5291832231796
1516,2700.09702266082,0,0,1668,-170.926628376617,698,465.276262020763,39.7473890166745
1517,3012.01156834619,0,0,1671,113.771116321944,604.48573184155,569.844715690155,52.9100044925407
1518,2731.50193615507,0,0,1674,6.92412191402094,349.00000000001,635.579193698206,65.9986205428346
1519,2514.8636102665,0,0,1677,100.868678712005,-6.91619645361978e-13,658,78.9949315544927
1520,2074.50844843142,0,0,1680,16.0484937217505,-348.999999999942,635.579193698215,91.8807610113946
1521,1611.44908166199,0,0,1683,-141.547989102485,-604.48573184155,569.844715690155,104.638086915872
1522,1201.63453985244,0,0,1686,-368.890789162401,-698,465.276262020763,117.249066994081
1523,1979.7675526347,0,0,1689,436.55722082617,-604.485731841554,329.000000000013,129.696063650069
1524,1859.59081115585,0,0,1692,204.326210844891,-349.000000000016,170.302931677467,141.961668633507
1525,2112.17130808909,0,0,1695,263.142580702408,-8.61866558743147e-11,4.06237962502143e-11,154.028727386731
1526,1825.38505922377,0,0,1698,-217.192372135711,349.000000000004,-170.302931677461,165.880363036936
1527,2212.6136590569,0,0,1701,58.6279272153604,604.485731841547,-329.000000000007,177.5
1528,2185.94792888991,0,0,1704,60.3528037476998,698,-465.276262020732,188.871387162944
1529,1828.73654397116,0,0,1707,-112.883092792832,604.485731841557,-569.844715690152,199.978620612586
1530,1442.82954777138,0,0,1710,-191.397424408952,348.999999999954,-635.579193698213,210.806165878594
1531,1430.65413641191,0,0,1713,154.315256752049,1.43581059346155e-11,-658,221.338879659848
1532,936.243982801143,0,0,1716,-26.7388545043858,-348.999999999998,-635.579193698207,231.562031003734
1533,627.865025677572,0,0,1719,-158.265848699422,-604.485731841503,-569.844715690177,241.461321908674
1534,597.252195600349,0,0,1722,-212.494449700107,-698,-465.276262020767,251.022907321223
1535,945.132279689148,0,0,1725,-106.615402968932,-604.485731841521,-328.999999999986,260.233414499588
1536,1351.14212316209,0,0,1728,-126.634906877042,-349.000000000029,-170.302931677474,269.079961716635
1537,2199.04815331807,0,0,1731,190.497977041949,-2.18829687246042e-11,-1.03144652011387e-11,277.55017627615
1538,2343.44045137972,0,0,1734,-195.494692114889,348.999999999991,170.302931677454,285.632211817167
1539,3078.60686529697,0,0,1737,114.806368573329,604.4857318415,328.999999999968,293.314764882178
1540,2927.89145333962,0,0,1740,-275.971899407173,698,465.276262020753,300.587090726041
1541,3371.52057964889,0,0,1743,146.75111377372,604.485731841525,569.844715690167,307.439018343476
1542,3327.47534941169,0,0,1746,283.035191019317,349.000000000036,635.579193698202,313.860964694135
1543,2570.1830127093,0,0,1749,-156.660935396085,2.9407831514593e-11,658,319.843948105359
1544,2175.7150681123,0,0,1752,-188.243726419846,-348.999999999916,635.579193698219,325.37960083384
1545,2137.55823821156,0,0,1755,86.7390735942445,-604.485731841535,569.844715690162,330.460180768692
1546,1812.32552354781,0,0,1758,-48.0293207324079,-698,465.276262020746,335.07858225947
1547,2235.76679023344,0,0,1761,411.024176020907,-604.485731841569,329.000000000025,339.228346054079
1548,1787.64438869459,0,0,1764,-140.562211315466,-349.000000000042,170.302931677481,342.903668332619
1549,2203.63458449289,0,0,1767,90.535175668324,4.24207184251063e-11,-1.99948658479369e-11,346.099408824547
1550,2335.30699855716,0,0,1770,37.798832236809,348.999999999978,-170.302931677447,348.811097997817
1551,2335.17739078725,0,0,1773,-64.3432843642116,604.485731841532,-328.999999999995,351.034943309921
1552,2729.47273781632,0,0,1776,367.981165324967,698,-465.276262020748,352.767834512101
1553,1789.64617347363,0,0,1779,-378.002190677115,604.485731841572,-569.844715690145,354.007347999319
1554,2117.38970513574,0,0,1782,267.217148634091,348.99999999998,-635.57919369821,354.751750199881
1555,1498.90581403524,0,0,1785,16.905814035196,4.44575570945704e-11,-658,355
1556,1085.35623772772,0,0,1788,-72.8163187739799,-348.999999999972,-635.579193698211,354.751750199882
1557,1347.3170561962,0,0,1791,376.64015572857,-604.485731841528,-569.844715690165,354.007347999319
1558,1262.02555600051,0,0,1794,278.533983509183,-698,-465.276262020778,352.767834512101
1559,1216.42722565151,0,0,1797,1.8780141831216,-604.485731841536,-328.999999999999,351.034943309921
1560,1537.14582729184,0,0,1800,-92.3623390285348,-348.999999999987,-170.302931677452,348.811097997817
1561,1948.93818297285,0,0,1803,-200.161225851624,-5.19824198845592e-11,-2.45017423238108e-11,346.099408824548
1562,2545.64327233191,0,0,1806,-122.563327678117,348.999999999965,170.30293167744,342.903668332619
1563,3040.33103534262,0,0,1809,-41.3830425530413,604.485731841564,329.000000000021,339.22834605408
1564,2908.67658806413,0,0,1812,-401.678256216088,698,465.276262020743,335.078582259471
1565,3380.55929585738,0,0,1815,60.7686675569915,604.48573184154,569.84471569016,330.460180768693
1566,2924.5568594047,0,0,1818,-203.401935127402,349.000000000062,635.579193698198,325.379600833843
1567,2814.14937582696,0,0,1821,15.3054277215373,5.95072826745479e-11,658,319.843948105359
1568,2632.48416260893,0,0,1824,208.044004216623,-349.000000000028,635.579193698203,313.860964694137
1569,2288.63240943409,0,0,1827,188.834407241963,-604.48573184152,569.844715690169,307.439018343477
1570,2339.76276755576,0,0,1830,441.899414808959,-698,465.276262020756,300.587090726041
1571,2021.28147761936,0,0,1833,170.45244457872,-604.485731841544,329.000000000005,293.314764882178
1572,1962.13581349817,0,0,1836,19.2006700035775,-349.000000000068,170.302931677495,285.632211817168
1573,2251.42457475366,0,0,1839,134.874398477506,1.23212672651514e-11,-5.80758872526475e-12,277.55017627615
1574,1987.90179029403,0,0,1842,-301.875239745158,349.000000000021,-170.30293167747,269.079961716635
1575,2529.38341256317,0,0,1845,148.664266222042,604.485731841517,-328.999999999982,260.23341449959
1576,2414.51638034714,0,0,1848,82.7697350466575,698,-465.276262020738,251.022907321225
1577,2390.97881258237,0,0,1851,263.876474522241,604.485731841587,-569.844715690137,241.461321908678
1578,1697.17358423386,0,0,1854,-101.809253071674,349.000000000006,-635.579193698206,231.562031003734
1579,1149.60380496287,0,0,1857,-270.73507469698,-4.79640447516262e-12,-658,221.338879659851
1580,1178.23853780066,0,0,1860,92.0115656202251,-348.999999999946,-635.579193698215,210.806165878594
1581,882.604326967909,0,0,1863,-6.04384611299137,-604.485731841513,-569.844715690173,199.978620612586
1582,1229.65540755387,0,0,1866,338.060282411665,-698,-465.276262020735,188.871387162944
1583,983.679622067862,0,0,1869,-129.334646090578,-604.485731841551,-329.000000000011,177.500000000003
1584,1568.81058226441,0,0,1872,50.2331509049517,-349.000000000013,-170.302931677465,165.880363036937
1585,1785.21691055244,0,0,1875,-243.811816834291,-2.72845831482611e-12,-1.28604983607133e-12,154.028727386732
1586,2538.7911320002,0,0,1878,-0.473468310672495,348.999999999939,170.302931677427,141.96166863351
1587,2686.16974944286,0,0,1881,-258.012046048768,604.485731841549,329.000000000009,129.696063650071
1588,2974.09141649286,0,0,1884,-190.433912521954,698,465.276262020733,117.249066994087
1589,3014.48918901434,0,0,1887,-151.479345433238,604.485731841555,569.844715690153,104.638086915872
1590,3258.92694139413,0,0,1890,292.466986684509,349.000000000019,635.579193698204,91.880761011395
1591,2794.3039319566,0,0,1893,164.309000402022,8.96067338345028e-11,658,78.994931554493
1592,2099.17996919017,0,0,1896,-149.397845050866,-349.000000000002,635.579193698207,65.998620542835
1593,1847.66010181621,0,0,1899,-69.6088865249438,-604.485731841545,569.844715690157,52.9100044925411
1594,1620.81921203555,0,0,1902,-88.2044390018965,-698,465.276262020766,39.7473890166773
1595,1598.22432893868,0,0,1905,-57.8191224429552,-604.485731841559,329.000000000017,26.52918322318
1596,1849.85318316018,0,0,1908,107.276377514609,-348.999999999957,170.302931677436,13.2738739680938
1597,1873.23218022259,0,0,1911,-37.7678197774016,-1.77781838948036e-11,8.37968839740742e-12,2.08723762199907e-12
1598,1928.86270803089,0,0,1914,-150.560486323553,348.999999999995,-170.302931677456,-13.2738739680947
1599,2168.15298045931,0,0,1917,2.19643184096076,604.485731841502,-328.99999999997,-26.5291832231783
1600,2078.79740133613,0,0,1920,-34.1789476264698,698,-465.276262020728,-39.7473890166732
1601,1760.04113693876,0,0,1923,-144.68987472005,604.485731841523,-569.844715690168,-52.9100044925419
1602,1654.3024381358,0,0,1926,80.8802523768074,349.000000000032,-635.579193698202,-65.9986205428334
1603,1500.05074905572,0,0,1929,308.045680610184,2.53030466847923e-11,-658,-78.9949315544914
1604,1134.73771550573,0,0,1932,279.197670215327,-348.999999999988,-635.579193698209,-91.8807610113958
1605,660.975442369389,0,0,1935,4.94397681693507,-604.485731841498,-569.84471569018,-104.638086915868
1606,940.972216087906,0,0,1938,283.497545102733,-698,-465.276262020745,-117.249066994083
1607,978.944734597852,0,0,1941,101.126530089442,-604.485731841527,-328.999999999991,-129.696063650072
1608,1145.35611274027,0,0,1944,-137.379286948707,-349.000000000039,-170.302931677479,-141.961668633506
1609,1759.00435358632,0,0,1947,-33.9669190268987,-3.2827909474781e-11,-1.54733269587435e-11,-154.028727386732
1610,2367.56844264757,0,0,1950,64.1458740071834,348.999999999913,170.302931677413,-165.880363036935
1611,2626.60909496131,0,0,1953,-82.3766368802166,604.485731841534,328.999999999996,-177.499999999999
1612,3007.37329013509,0,0,1956,76.9684152772813,698,465.276262020749,-188.871387162945
1613,2764.89249263244,0,0,1959,-168.459334286696,604.48573184157,569.844715690145,-199.978620612585
1614,2833.19698311345,0,0,1962,97.4239552938007,349.000000000045,635.5791936982,-210.806165878593
1615,2056.83889636931,0,0,1965,-344.822223970798,-3.90006404649182e-11,658,-221.338879659851
1616,1688.54510429837,0,0,1968,-334.472058396137,-348.999999999975,635.57919369821,-231.562031003731
1617,1418.46217472429,0,0,1971,-276.435487215666,-604.48573184153,569.844715690164,-241.461321908675
1618,1937.53673862945,0,0,1974,447.283383929925,-698,465.27626202075,-251.022907321226
1619,1517.50130183207,0,0,1977,76.2204481732033,-604.485731841574,329.000000000029,-260.233414499587
1620,1793.60209027941,0,0,1980,261.379120318582,-348.999999999983,170.30293167745,-269.079961716635
1621,1654.00839806623,0,0,1983,-51.4414256575995,-4.78776350547585e-11,2.25669655200796e-11,-277.550176276149
1622,2204.32200953379,0,0,1986,325.257153028433,348.999999999969,-170.302931677442,-285.632211817167
1623,1986.02869018295,0,0,1989,14.8577232235945,604.485731841526,-328.99999999999,-293.314764882178
1624,1923.81622802809,0,0,1992,-0.320419225154772,698,-465.276262020718,-300.58709072604
1625,1409.9187674052,0,0,1995,-312.283230402698,604.485731841538,-569.844715690161,-307.439018343476
1626,1339.63191269163,0,0,1998,-57.92792891601,348.99999999999,-635.579193698208,-313.860964694137
1627,1151.17097230658,0,0,2001,128.014920411882,5.54024978447473e-11,-658,-319.843948105358
1628,684.73024833144,0,0,2004,-9.31095713654435,-348.999999999962,-635.579193698212,-325.379600833841
1629,394.516948651773,0,0,2007,-107.692423047823,-604.485731841562,-569.844715690149,-330.460180768692
1630,705.588730751609,0,0,2010,193.943575031833,-698,-465.276262020755,-335.07858225947
1631,768.588915068496,0,0,2013,28.3029929641209,-604.485731841542,-329.000000000003,-339.22834605408
1632,910.040567314279,0,0,2016,-243.752832675545,-349.000000000065,-170.302931677493,-342.903668332619
1633,1802.3206262724,0,0,2019,129.420035097039,-6.2927360634736e-11,-2.96606040814157e-11,-346.099408824547
1634,1996.01143984514,0,0,2022,-196.480393834541,349.000000000025,170.302931677472,-348.811097997817
1635,2616.16582670784,0,0,2025,8.71503817625389,604.485731841519,328.999999999984,-351.03494330992
1636,2788.76337621433,0,0,2028,-49.74505129431,698,465.276262020739,-352.767834512101
1637,2975.48880325486,0,0,2031,124.165703722472,604.485731841546,569.844715690157,-354.007347999319
1638,2638.80691916331,0,0,2034,-25.020524335074,349.000000000071,635.579193698197,-354.751750199881
1639,2726.88230347531,0,0,2037,386.882303475317,-8.90118930496327e-12,658,-355
1640,1668.40857318885,0,0,2040,-303.418870309454,-349.000000000018,635.579193698204,-354.751750199881
1641,1635.5398060261,0,0,2043,-18.8118298232398,-604.485731841515,569.844715690172,-354.007347999319
1642,1231.34296263297,0,0,2046,-229.165464875689,-698,465.27626202076,-352.767834512101
1643,1421.80496863773,0,0,2049,-0.674356210798479,-604.485731841589,329.000000000042,-351.034943309921
1644,1092.22437868035,0,0,2052,-432.267454999282,-349.000000000009,170.302931677463,-348.811097997817
1645,1826.11923696248,0,0,2055,117.218645787028,1.37632651497454e-12,-6.48726967659918e-13,-346.099408824547
1646,2099.95615898915,0,0,2058,206.162758999253,348.999999999943,-170.302931677429,-342.90366833262
1647,2024.27562984734,0,0,2061,27.0182440598837,604.485731841511,-328.999999999978,-339.22834605408
1648,1848.94989573936,0,0,2064,-112.695259980414,698,-465.276262020761,-335.07858225947
1649,1844.37236073169,0,0,2067,73.1915253489845,604.485731841553,-569.844715690154,-330.460180768693
1650,1298.05009351667,0,0,2070,-159.991111951301,349.000000000016,-635.579193698205,-325.379600833842
1651,959.897375633889,0,0,2073,-135.258676260758,6.1485362750142e-12,-658,-319.843948105359
1652,771.649017466608,0,0,2076,-5.91082414110224,-348.999999999936,-635.579193698216,-313.860964694137
1653,274.925370263885,0,0,2079,-322.305163860936,-604.485731841547,-569.844715690156,-307.439018343476
1654,608.82492891847,0,0,2082,-9.31171833472362,-698,-465.276262020765,-300.587090726042
1655,622.55160319558,0,0,2085,-235.647900080669,-604.485731841557,-329.000000000015,-293.314764882179
1656,1279.32127758218,0,0,2088,-3.74357892315777,-349.000000000022,-170.30293167747,-285.632211817167
1657,1713.90819713555,0,0,2091,-99.5416265881588,-9.30268117946909e-11,-4.38478812040878e-11,-277.550176276153
1658,2524.26228365383,0,0,2094,180.03931369301,348.999999999999,170.302931677458,-269.079961716637
1659,2925.39219863411,0,0,2097,155.139881292146,604.485731841543,329.000000000004,-260.233414499587
1660,2937.65065983568,0,0,2100,-74.6026948638245,698,465.276262020729,-251.022907321226
1661,2769.34977207752,0,0,2103,-266.519353545514,604.485731841561,569.84471569015,-241.461321908677
1662,2586.89708798356,0,0,2106,-272.120074710884,348.99999999996,635.579193698213,-231.562031003733
1663,2682.14246915386,0,0,2109,136.481348813688,2.11982618549917e-11,658,-221.338879659852
1664,2182.5233999608,0,0,2112,-5.24962785882462,-348.999999999992,635.579193698208,-210.806165878593
1665,1361.46830767678,0,0,2115,-518.912055559255,-604.48573184154,569.84471569016,-199.978620612585
1666,2126.81811921901,0,0,2118,430.413244361188,-698,465.27626202077,-188.871387162945
1667,1516.2994795779,0,0,2121,-151.714788580566,-604.485731841525,328.999999999989,-177.499999999999
1668,1991.11167078835,0,0,2124,211.689102147852,-349.000000000035,170.302931677477,-165.88036303694
1669,1889.30452920864,0,0,2127,-83.6667434046121,-2.87231246449804e-11,1.35385501550123e-11,-154.028727386735
1670,2378.75715696059,0,0,2130,212.021757271561,348.999999999985,-170.302931677451,-141.961668633507
1671,2360.80952143155,0,0,2133,82.0198532400923,604.485731841496,-328.999999999966,-129.696063650072
1672,2053.68350014172,0,0,2136,-197.791170843448,698,-465.276262020751,-117.249066994085
1673,2131.33624460165,0,0,2139,62.3333153661544,604.485731841529,-569.844715690165,-104.638086915871
1674,1619.97988273748,0,0,2142,-143.56016255296,349.000000000042,-635.579193698201,-91.8807610113962
1675,1541.02472376144,0,0,2145,133.019655315898,3.62479874349691e-11,-658,-78.9949315544918
1676,1009.78633115142,0,0,2148,-87.6358546074972,-349.000000000048,-635.5791936982,-65.9986205428338
1677,1157.24716876133,0,0,2151,233.487620785565,-604.485731841532,-569.844715690164,-52.9100044925424
1678,980.614559592931,0,0,2154,29.6382106303527,-698,-465.276262020748,-39.7473890166736
1679,1164.08736602601,0,0,2157,-32.8977189092046,-604.485731841572,-329.000000000028,-26.5291832231838
1680,1212.01304248841,0,0,2160,-415.410151865962,-349.000000000048,-170.302931677484,-13.2738739680976
